1	0	939.56536121
1	1	938.78306121
2	1	1876.1238224200001
3	1	2809.43198363
2	2	1877.56612242
3	2	2809.41338363
4	1	3751.9779554300003
4	2	3728.40114484
4	3	3751.29646605
5	1	4695.962776050001
5	2	4668.85655605
5	2	4668.85655605
5	3	4669.149256050001
5	3	4669.149256050001
6	1	5630.8281937500005
6	2	5606.5584772600005
6	3	5603.05071726
6	4	5607.338922260001
7	2	6546.568758470001
7	3	6535.366178470001
7	4	6536.22797847
7	5	6548.3263991700005
7	5	6548.3263991700005
7	5	6548.3263991700005
8	2	7483.550560680001
8	2	7483.550560680001
8	3	7472.897749680001
8	3	7472.897749680001
8	4	7456.894189680001
8	5	7474.873500680001
8	5	7474.873500680001
8	5	7474.873500680001
8	6	7487.04661278
9	2	8424.265113390002
9	3	8408.400569890002
9	3	8408.400569890002
9	3	8408.400569890002
9	4	8394.79429089
9	5	8395.862360890002
9	5	8395.862360890002
9	6	8412.360571890002
9	6	8412.360571890002
9	6	8412.360571890002
10	2	9363.750674600002
10	3	9348.3852621
10	4	9327.5473521
10	5	9326.991442100001
10	6	9330.639242100002
10	7	9354.6400121
11	3	10287.222816110001
11	3	10287.222816110001
11	3	10287.222816110001
11	4	10266.608837310001
11	4	10266.608837310001
11	5	10255.102713310001
11	6	10257.08496331
12	4	11203.005249520002
12	4	11203.005249520002
12	5	11191.297648520002
12	5	11191.297648520002
12	6	11177.928734520001
12	7	11195.266844520002
12	7	11195.266844520002
12	8	11209.99207912
13	4	12144.581245730002
13	5	12125.98510673
13	6	12112.54779573
13	7	12114.768325730001
13	8	12132.533590730001
14	4	13080.79926775
14	4	13080.79926775
14	4	13080.79926775
14	5	13064.580578140001
14	6	13043.93675694
14	7	13043.780256940001
14	8	13048.92336694
14	9	13074.52525794
15	5	14001.377840550002
15	6	13982.284098150001
15	7	13972.512418150001
15	8	13975.266468150001
15	9	13989.187931530001
15	10	14013.79742115
16	5	14941.044380360001
16	6	14917.59911536
16	7	14909.58700236
16	8	14899.167979360001
16	9	14914.585362360001
16	10	14927.89369916
17	5	15879.115354180001
17	5	15879.115354180001
17	6	15856.43565797
17	6	15856.43565797
17	7	15843.26985557
17	7	15843.26985557
17	8	15834.59002057
17	9	15837.35076057
17	10	15851.88429057
17	10	15851.88429057
17	10	15851.88429057
17	11	15870.57244157
18	5	16819.21590278
18	6	16791.81740178
18	6	16791.81740178
18	7	16780.01022178
18	7	16780.01022178
18	8	16766.110921780004
18	9	16767.76656178
18	10	16772.21224878
18	11	16792.211502780003
19	5	17757.75156399
19	6	17731.22057376
19	6	17731.22057376
19	7	17714.24757939
19	7	17714.24757939
19	8	17701.719391990002
19	9	17696.89975299
19	10	17700.13822299
19	11	17711.315774990002
19	12	17730.337460990002
20	6	18667.441344280003
20	6	18667.441344280003
20	7	18651.6477768
20	7	18651.6477768
20	8	18633.678136200004
20	9	18629.8638142
20	10	18622.839324200002
20	11	18636.726191200003
20	12	18647.451751200002
20	12	18647.451751200002
21	6	19607.33578841
21	7	19586.60727481
21	7	19586.60727481
21	8	19569.43699741
21	9	19561.32766741
21	10	19555.643585410002
21	11	19559.190915410003
21	12	19572.287001810004
21	12	19572.287001810004
21	13	19587.494583410004
22	6	20545.45325062
22	7	20524.950266210002
22	7	20524.950266210002
22	8	20502.15370352
22	9	20495.66315902
22	10	20484.84492662
22	11	20487.687106620004
22	12	20492.472532620002
22	13	20511.05327662
22	13	20511.05327662
22	13	20511.05327662
22	14	20525.03354662
22	14	20525.03354662
23	7	21462.099115830002
23	8	21438.97981805
23	8	21438.97981805
23	9	21427.692987330003
23	10	21419.20967783
23	11	21414.833887830002
23	12	21418.890694830003
23	13	21431.13063283
23	13	21431.13063283
23	14	21448.135603830004
24	7	22402.897972040002
24	8	22374.83199989
24	8	22374.83199989
24	9	22363.402034140003
24	10	22349.90995904
24	11	22347.43984904
24	12	22341.92404904
24	13	22355.802330040002
24	13	22355.802330040002
24	14	22366.612188540003
24	14	22366.612188540003
24	15	22387.85497204
25	8	23314.49590325
25	9	23298.61800695
25	9	23298.61800695
25	10	23285.292785550002
25	11	23277.994018250003
25	12	23274.158810250003
25	13	23278.43566025
25	14	23291.176840250002
25	14	23291.176840250002
25	15	23306.223726250002
26	8	24254.01001946
26	9	24237.13380386
26	10	24219.27544616
26	11	24211.94307706
26	12	24202.63107146
26	13	24206.63526146
26	14	24211.70086146
26	15	24229.81878746
26	15	24229.81878746
26	15	24229.81878746
26	16	24244.815889460002
27	9	25175.38969449
27	10	25157.43324397
27	10	25157.43324397
27	11	25144.75871447
27	11	25144.75871447
27	12	25135.75313267
27	13	25133.142732670003
27	14	25137.95463267
27	15	25149.58671767
27	15	25149.58671767
27	16	25167.846855670003
28	9	26115.060225880003
28	10	26093.11232512
28	10	26093.11232512
28	11	26080.80003818
28	11	26080.80003818
28	12	26066.81489388
28	13	26064.98309388
28	14	26060.340893880002
28	15	26074.672575880002
28	16	26085.90682988
28	16	26085.90682988
28	17	26108.39121688
29	9	27053.624353090003
29	10	27031.34840524
29	11	27015.946663990002
29	11	27015.946663990002
29	12	27002.66654649
29	13	26995.112263090003
29	14	26991.43265509
29	15	26996.37579509
29	16	27010.16892509
29	17	27026.470971090002
30	10	27967.058518640002
30	11	27953.4163297
30	11	27953.4163297
30	11	27953.4163297
30	11	27953.4163297
30	12	27935.9395694
30	13	27928.9494223
30	14	27920.388916300002
30	15	27924.621196300002
30	16	27930.759006300003
30	17	27949.2650323
30	18	27964.905134300003
31	10	28907.158801510002
31	11	28888.979713970002
31	11	28888.979713970002
31	11	28888.979713970002
31	12	28873.100721810002
31	12	28873.100721810002
31	13	28861.361677210003
31	14	28853.36687751
31	15	28851.87486751
31	16	28857.270982510003
31	17	28869.251347510002
31	17	28869.251347510002
31	18	28887.61210351
32	10	29844.986834720003
32	11	29826.11370687
32	11	29826.11370687
32	11	29826.11370687
32	12	29807.014263020003
32	12	29807.014263020003
32	13	29796.74777192
32	14	29783.72903672
32	15	29783.504628720002
32	16	29781.794048720003
32	17	29794.47919072
32	17	29794.47919072
32	17	29794.47919072
32	18	29805.630458720003
32	18	29805.630458720003
32	19	29828.228461720002
33	11	30764.81393484
33	11	30764.81393484
33	11	30764.81393484
33	12	30744.508234520003
33	12	30744.508234520003
33	13	30730.79905443
33	14	30718.81160413
33	15	30712.96630893
33	16	30712.71780993
33	17	30718.30046993
33	18	30729.92258993
33	18	30729.92258993
33	19	30746.06721593
34	11	31703.30718644
34	11	31703.30718644
34	11	31703.30718644
34	12	31679.249007410002
34	12	31679.249007410002
34	13	31667.93579084
34	13	31667.93579084
34	14	31650.84146704
34	15	31646.240431140002
34	16	31640.866271140003
34	17	31646.35846114
34	18	31652.41975114
34	19	31669.316783140002
34	20	31683.951379140002
35	11	32643.44529695
35	11	32643.44529695
35	12	32618.58458035
35	13	32602.23402826
35	13	32602.23402826
35	14	32587.93230395
35	15	32577.434523350003
35	16	32573.44583235
35	17	32573.27864235
35	18	32579.243862350002
35	19	32591.125022350003
35	19	32591.125022350003
35	20	32606.73183235
35	20	32606.73183235
36	12	33554.69910756
36	13	33539.702630570006
36	14	33521.385593260005
36	14	33521.385593260005
36	15	33513.535390460005
36	16	33503.12218356001
36	17	33504.26429356
36	17	33504.26429356
36	18	33503.555673560004
36	19	33516.36102556001
36	19	33516.36102556001
36	19	33516.36102556001
36	20	33527.346963560005
36	20	33527.346963560005
36	21	33547.68470656
37	13	34474.8840187
37	14	34458.756052230005
37	15	34446.28552687
37	16	34438.38403477
37	17	34433.51876477
37	18	34434.33223477
37	19	34440.48093477
37	20	34452.11964237
37	20	34452.11964237
37	21	34468.12156277
38	13	35412.51688498
38	14	35393.02969897001
38	15	35382.30821208
38	15	35382.30821208
38	16	35369.91315398001
38	17	35366.976315980006
38	18	35362.05947598001
38	19	35367.972555980006
38	20	35374.71527998
38	21	35391.83702798001
38	22	35405.875577980005
39	14	36330.41078819
39	15	36315.61867229
39	15	36315.61867229
39	16	36305.10703719
39	17	36298.46856919
39	18	36295.02653719
39	19	36294.46155719
39	20	36300.992069190004
39	21	36314.10014719
39	22	36329.50049019
40	14	37265.165951400006
40	15	37251.42552884
40	15	37251.42552884
40	16	37236.912925200006
40	17	37232.2047163
40	18	37224.7225484
40	19	37226.227418400005
40	19	37226.227418400005
40	20	37224.916318400006
40	21	37239.2360074
40	21	37239.2360074
40	21	37239.2360074
40	22	37250.912232400005
40	22	37250.912232400005
40	23	37270.0929514
41	14	38203.08710561
41	15	38186.41266304
41	15	38186.41266304
41	16	38172.65458821
41	17	38163.91734481
41	18	38158.18913961
41	19	38155.69757961
41	20	38156.11896961
41	21	38162.61427961
41	22	38175.54315961
41	22	38175.54315961
41	23	38191.014257610004
42	15	39122.83507382
42	15	39122.83507382
42	16	39105.508244820005
42	16	39105.508244820005
42	17	39097.76325992001
42	18	39088.32843082
42	19	39087.72924082
42	20	39084.20373082
42	21	39090.62963082
42	22	39097.629615820006
42	23	39114.58137482
42	24	39128.74086882
43	15	40057.32813503
43	15	40057.32813503
43	16	40041.76254823
43	16	40041.76254823
43	17	40030.21521593
43	18	40022.26696193
43	19	40017.65073203
43	20	40015.83618203
43	21	40018.057013030004
43	22	40024.92426303
43	23	40036.220399030004
43	24	40052.10776203
43	24	40052.10776203
43	24	40052.10776203
44	16	40974.85809724
44	16	40974.85809724
44	17	40965.747571140004
44	17	40965.747571140004
44	18	40953.47657284
44	19	40949.92845744
44	20	40944.26950324
44	21	40947.92287524
44	22	40948.190313240004
44	23	40961.891853240006
44	23	40961.891853240006
44	23	40961.891853240006
44	24	40972.20356324001
44	25	40992.138196240005
45	16	41912.40695345
45	17	41898.32338925
45	17	41898.32338925
45	18	41887.51329435
45	19	41880.62464415
45	20	41876.42016445
45	21	41876.16334345
45	22	41878.22584245
45	23	41885.35903735
45	24	41897.82065245
45	24	41897.82065245
45	25	41912.11845645
45	26	41930.79615545
46	17	42833.93431266001
46	17	42833.93431266001
46	18	42819.00597476
46	19	42813.30780006001
46	20	42805.59179166
46	21	42806.96810466
46	22	42804.60140466
46	23	42811.652800660006
46	24	42819.255795560006
46	25	42836.35670366001
46	25	42836.35670366001
46	26	42849.482169660005
47	17	43768.99507587
47	17	43768.99507587
47	18	43754.312466870004
47	19	43744.52307687
47	20	43737.88115387
47	21	43735.88915587
47	22	43735.28906687
47	23	43738.21686587
47	24	43745.66836277
47	25	43757.95771887
47	26	43773.59761587
48	18	44688.49264008
48	19	44679.59031398001
48	19	44679.59031398001
48	20	44667.50009708
48	21	44667.22198508
48	22	44663.227838080005
48	23	44667.24021208
48	24	44668.89946408
48	25	44682.42822808
48	25	44682.42822808
48	25	44682.42822808
48	26	44693.606836080005
48	27	44713.513339080004
49	17	45643.10619829
49	18	45626.60949629
49	19	45612.88892919
49	19	45612.88892919
49	20	45601.91895729
49	21	45596.65665829
49	22	45594.65089929
49	23	45595.25278629
49	24	45597.88357329
49	25	45605.59847529
49	26	45618.62684129
49	26	45618.62684129
49	27	45633.32573829
50	18	46560.4752605
50	19	46549.35033270001
50	19	46549.35033270001
50	20	46535.1314675
50	21	46530.165444900005
50	22	46523.277150500006
50	23	46525.485347500005
50	23	46525.485347500005
50	24	46524.448447500006
50	25	46532.0814465
50	26	46540.2314005
50	26	46540.2314005
50	27	46557.1998925
50	28	46570.911799500005
51	19	47483.68632171
51	19	47483.68632171
51	20	47470.29233411
51	20	47470.29233411
51	21	47462.97820131
51	22	47456.47020871
51	23	47453.99950871
51	24	47454.75220871
51	25	47457.96000871
51	26	47465.97970661
51	27	47478.72697271
51	28	47494.75786071
52	19	48421.16788292
52	19	48421.16788292
52	20	48405.18203642
52	21	48397.23526722001
52	22	48388.227011920004
52	23	48386.253669920006
52	24	48382.27806892
52	25	48386.98985892
52	26	48389.36187262
52	27	48403.37453292
52	27	48403.37453292
52	28	48415.03634292
52	28	48415.03634292
52	29	48435.06392192
53	19	49356.82654413
53	19	49356.82654413
53	20	49341.28674113
53	20	49341.28674113
53	21	49331.21694613
53	22	49322.36033413
53	23	49317.34031013
53	24	49313.90423013
53	25	49314.50122913
53	26	49318.24382313
53	27	49326.54582603
53	28	49339.80608613
53	29	49355.72498313
54	19	50295.080401340005
54	19	50295.080401340005
54	20	50277.09360634
54	21	50266.21395884
54	22	50254.914982140006
54	23	50250.79259024
54	24	50243.750991340006
54	25	50245.127988340006
54	25	50245.127988340006
54	26	50244.43089234
54	27	50252.67399234
54	28	50261.473155340005
54	29	50278.98509134
54	30	50294.11190434
55	21	51201.87226405
55	22	51190.46714885
55	23	51183.02605655
55	24	51177.07005255
55	25	51174.46695355
55	26	51174.69835355
55	27	51178.14965255
55	28	51186.84345545
55	29	51200.54906855
55	30	51217.25011455
56	22	52124.53529986001
56	23	52117.51031106
56	24	52108.37843176
56	25	52106.76151376
56	26	52103.066113760004
56	27	52107.63210376001
56	28	52109.76761666001
56	29	52125.066287760004
56	29	52125.066287760004
56	30	52137.93916676001
56	31	52158.92616676
57	22	53061.11455797
57	23	53050.88426817
57	24	53042.76850327
57	25	53037.67625597
57	26	53034.98547497
57	27	53035.82147497
57	28	53039.08575997
57	29	53047.85597327
57	30	53062.47534597
57	30	53062.47534597
57	31	53078.74822797
58	23	53986.34043178
58	24	53974.76133418
58	25	53970.75312018
58	26	53964.506336180006
58	27	53966.81383318
58	28	53966.43223618
58	29	53974.99532518
58	30	53984.362100180006
58	31	54002.669336180006
58	32	54018.28123318
59	23	54920.23777879
59	24	54910.37679469
59	25	54902.676182589996
59	26	54897.49079739
59	27	54895.92569739
59	28	54896.99819739
59	29	54901.79779439
59	30	54910.89187419
59	30	54910.89187419
59	31	54924.02844339
59	32	54941.14933239
60	23	55856.5756168
60	24	55842.817446600005
60	25	55836.8688539
60	26	55828.236335600006
60	27	55827.9991586
60	28	55825.1755586
60	29	55831.3021476
60	30	55835.460262
60	31	55849.6455606
60	32	55861.8754396
60	33	55883.2440766
61	24	56778.372805909996
61	25	56769.567314809996
61	26	56762.219913709996
61	27	56758.24231781
61	28	56756.92061981
61	29	56759.15771581
61	30	56764.79481741
61	31	56773.78953781
61	32	56787.40843581
61	32	56787.40843581
61	33	56803.08513781
62	24	57711.459757820005
62	25	57704.166169020005
62	26	57693.733580520005
62	27	57691.203374920005
62	28	57685.88878102
62	29	57689.83695302
62	30	57691.46398492
62	31	57700.63496712
62	32	57710.388655020004
62	33	57727.667497020004
63	25	58637.37412833
63	26	58628.612741929996
63	27	58622.28853613
63	28	58618.61634223
63	29	58618.54934223
63	30	58621.91613523
63	31	58627.43614623
63	32	58637.21566023
63	33	58650.30235323
64	25	59572.51968484
64	26	59560.71839514
64	27	59555.830297340006
64	28	59548.523702440005
64	29	59550.198803440006
64	29	59550.198803440006
64	30	59549.619900440004
64	31	59556.78467744
64	32	59561.19469244
64	33	59575.965414440005
65	25	60506.221322850004
65	26	60495.82585075001
65	27	60487.94946525001
65	28	60481.991063650006
65	29	60479.85436165
65	30	60481.20576165001
65	31	60484.46066065001
65	32	60490.70287865001
65	33	60500.05758765001
65	34	60514.19438265001
66	26	61428.288707260006
66	27	61422.55571266
66	28	61412.57912386
66	29	61412.35382286
66	30	61409.711424860005
66	31	61414.88640586
66	32	61416.98640966
66	33	61426.78583786
66	34	61436.88574186
67	26	62363.527354570004
67	27	62354.780673170004
67	28	62346.35938197
67	29	62342.80161907001
67	30	62342.22468507
67	31	62343.22508307001
67	32	62347.44785207001
67	33	62353.45789107001
67	34	62363.61090507
67	34	62363.61090507
68	26	63297.358463280005
68	27	63289.76782968
68	28	63278.11014578
68	29	63276.05421668
68	30	63271.59214628
68	31	63274.51324228
68	32	63274.61909828
68	33	63282.719152280006
68	34	63287.44786428
68	35	63302.70362528
69	27	64222.04428629001
69	28	64212.71220979001
69	29	64207.34994249001
69	30	64204.675006490004
69	31	64203.768993490005
69	32	64205.99629249
69	33	64210.00929219001
69	34	64216.792388990005
69	34	64216.792388990005
69	35	64226.410800490004
70	27	65157.831585700005
70	28	65145.099052100006
70	29	65141.6236702
70	30	65135.0245517
70	31	65135.679353700005
70	31	65135.679353700005
70	32	65134.0235677
70	33	65140.2435347
70	34	65142.6430787
70	35	65152.9929207
70	35	65152.9929207
70	36	65163.6078837
71	27	66091.11454491
71	28	66080.18870871
71	29	66073.31381071001
71	30	66068.75643541
71	31	66065.94372691
71	32	66066.17312891
71	33	66068.18580191
71	34	66072.98514591
71	35	66079.48504591001
71	36	66089.97804791
71	36	66089.97804791
72	28	67012.89366062001
72	29	67007.66821112
72	30	66999.44614612001
72	31	66998.98808612
72	32	66994.98699212002
72	33	66999.34306412001
72	34	66999.67809502
72	35	67008.39258152
72	36	67013.43258032
72	37	67029.45490412001
73	28	67948.73687233
73	29	67939.90717033
73	30	67933.65652833
73	31	67929.36270533
73	32	67927.76945333
73	33	67928.11032933
73	34	67930.85035763
73	35	67935.50675563
73	36	67942.18135453
73	36	67942.18135453
73	37	67952.80498633
74	28	68881.83383054
74	29	68874.73612854
74	30	68864.85138214
74	31	68862.50655884
74	32	68857.13861454
74	33	68859.70100754
74	33	68859.70100754
74	34	68858.34801454
74	35	68865.25471444
74	36	68868.39237014
74	37	68878.83688634
75	28	69817.89178975
75	29	69807.47808775
75	29	69807.47808775
75	30	69799.58621985001
75	31	69793.59042275
75	32	69790.19877575
75	33	69789.02227375
75	34	69789.88587575
75	35	69792.91587705
75	36	69797.81447525001
75	37	69804.83461275001
75	38	69815.40529275
75	38	69815.40529275
76	28	70751.36974796001
76	29	70742.81005596001
76	29	70742.81005596001
76	29	70742.81005596001
76	30	70731.50593996001
76	31	70727.34586196001
76	32	70720.33593696001
76	33	70721.25923496
76	34	70718.29723696
76	35	70723.26005796001
76	36	70724.57144136
76	37	70733.07177496002
76	38	70739.15835396001
77	28	71687.83771617
77	29	71675.93401417
77	30	71666.43869976999
77	31	71659.16811317
77	32	71653.82869517
77	33	71651.12669117
77	34	71650.44379817
77	35	71651.80888117
77	36	71654.87252517
77	37	71660.21703717
77	38	71667.06939817
77	38	71667.06939817
77	39	71678.11341517
78	28	72621.79166448
78	29	72611.67497338
78	30	72599.31485828
78	31	72592.87479428
78	32	72584.67483638
78	33	72583.72067538
78	34	72579.51125938
78	35	72583.08493538
78	35	72583.08493538
78	36	72582.37850838
78	37	72589.60289738
78	38	72593.36509538
78	39	72603.90737338
79	29	73545.32093159
79	29	73545.32093159
79	30	73534.63256759
79	30	73534.63256759
79	31	73525.54302359
79	31	73525.54302359
79	32	73518.54294599
79	33	73514.39497959001
79	34	73512.11371959001
79	35	73511.96301659
79	36	73513.58879759001
79	37	73517.23806959
79	38	73522.55624859
79	39	73529.67629059001
79	39	73529.67629059001
80	30	74467.7477797
80	30	74467.7477797
80	31	74460.45738460001
80	31	74460.45738460001
80	32	74450.07737360001
80	33	74447.4071757
80	34	74441.76567780001
80	35	74443.6362778
80	35	74443.6362778
80	36	74441.6319588
80	37	74447.35482380001
80	38	74449.22281780001
80	39	74458.36249680001
80	40	74464.18459880001
81	30	75404.89055701
81	30	75404.89055701
81	31	75393.03643881
81	31	75393.03643881
81	32	75384.71644601
81	33	75378.48640301
81	34	75374.63003801
81	35	75373.04493001
81	36	75373.32562901
81	37	75375.56359601
81	38	75379.49517901
81	39	75385.00559571
81	40	75392.16562841
81	40	75392.16562841
82	30	76340.44661822
82	31	76329.56672122
82	31	76329.56672122
82	32	76316.88959482001
82	33	76312.18959922
82	33	76312.18959922
82	34	76304.91959822
82	35	76305.01709122
82	36	76301.92439322
82	37	76306.32331922
82	38	76306.50426122
82	39	76314.32030902
82	40	76318.32026822
82	41	76329.53872122
83	31	77264.51657743001
83	31	77264.51657743001
83	32	77252.83378243001
83	33	77244.12725843
83	34	77238.66724443
83	35	77234.99873743001
83	36	77234.02644743
83	37	77234.93548043001
83	38	77237.21169543
83	39	77241.67774113
83	40	77247.54578683
83	40	77247.54578683
83	41	77255.04584903001
84	31	78201.10554564
84	31	78201.10554564
84	32	78187.10574064
84	32	78187.10574064
84	33	78179.42084364001
84	33	78179.42084364001
84	34	78169.55162704001
84	35	78167.72581624001
84	36	78163.07141164
84	37	78165.75271064001
84	37	78165.75271064001
84	38	78164.85840764001
84	39	78171.26842464
84	40	78174.00884364001
84	41	78183.62174064001
84	41	78183.62174064001
84	42	78189.69463864001
85	32	79123.61069985
85	32	79123.61069985
85	33	79113.47580185
85	33	79113.47580185
85	34	79104.56937285
85	35	79098.38738355
85	36	79095.51737185
85	37	79094.83037785
85	38	79095.89516685
85	39	79099.14977735
85	40	79103.84279265
85	41	79109.84278045
85	42	79117.92880185
86	32	80058.43966806
86	33	80049.08776106
86	33	80049.08776106
86	34	80037.95274776
86	35	80032.85375206001
86	36	80025.22771606
86	37	80025.74453906
86	37	80025.74453906
86	38	80023.96984106
86	39	80029.20984976
86	40	80030.68283396
86	41	80038.66077856
86	42	80043.47096606
86	43	80055.35696606
87	33	80983.70172927
87	33	80983.70172927
87	34	80973.40518577001
87	34	80973.40518577001
87	35	80966.13020697
87	35	80966.13020697
87	36	80959.27767727
87	37	80955.39039927
87	38	80955.10710227
87	39	80956.96869827001
87	40	80960.63404227
87	41	80965.80306467
87	42	80972.28940297001
87	42	80972.28940297001
87	43	80980.86102727
88	33	81919.83468748
88	34	81907.60363698001
88	34	81907.60363698001
88	35	81900.74964788
88	35	81900.74964788
88	36	81891.78967248001
88	37	81888.87574748001
88	38	81883.55986348001
88	39	81887.18245948001
88	40	81887.85227628001
88	41	81895.05218648001
88	41	81895.05218648001
88	42	81898.77596618001
88	43	81908.90908848001
89	34	82843.37404668999
89	34	82843.37404668999
89	35	82834.40888778999
89	35	82834.40888778999
89	36	82826.25389579
89	37	82821.26798168999
89	38	82816.76652469
89	39	82815.26992369
89	40	82818.10221369
89	41	82822.39211208999
89	41	82822.39211208999
89	42	82827.96723219
89	43	82835.47722669
89	43	82835.47722669
89	44	82843.45785169
90	34	83778.0349129
90	35	83769.8559315
90	35	83769.8559315
90	36	83759.5059898
90	37	83755.1141269
90	38	83748.5243809
90	39	83747.9781849
90	40	83745.69618690001
90	41	83751.8071629
90	42	83754.29614790001
90	43	83763.4362089
90	44	83769.0560059
91	34	84715.07087111
91	34	84715.07087111
91	35	84704.40839761001
91	35	84704.40839761001
91	36	84694.60641301
91	37	84688.17139211
91	38	84682.31030011001
91	39	84679.61104111001
91	40	84678.06694811
91	41	84679.32033811
91	42	84683.75415771
91	43	84689.97415011
91	44	84697.37922011
91	44	84697.37922011
91	44	84697.37922011
91	44	84697.37922011
92	35	85640.83108102
92	35	85640.83108102
92	36	85628.62611712
92	36	85628.62611712
92	37	85622.63912122001
92	37	85622.63912122001
92	38	85614.53392012001
92	39	85612.63803832
92	40	85608.99760932001
92	41	85611.00330432001
92	41	85611.00330432001
92	42	85610.64719432
92	43	85618.51737132
92	44	85623.04533332001
92	45	85634.09323032001
93	35	86575.94539452999
93	35	86575.94539452999
93	36	86564.84568253
93	36	86564.84568253
93	37	86556.24568023
93	37	86556.24568023
93	38	86548.78577873
93	39	86544.70278143
93	40	86541.82887053
93	41	86541.73766952999
93	42	86542.14295553
93	43	86545.34375353
93	44	86551.68070743
93	45	86559.77429153
93	46	86569.89739253
94	35	87511.61805374
94	35	87511.61805374
94	36	87499.21875374
94	36	87499.21875374
94	37	87491.91143984
94	37	87491.91143984
94	38	87481.60468174
94	39	87478.09339874
94	40	87473.17412974
94	41	87474.07563074
94	42	87472.03053574
94	43	87476.28630874
94	44	87477.87924094
94	45	87487.50830674
94	45	87487.50830674
94	46	87494.09125074
95	36	88435.89641395
95	37	88426.09709565001
95	37	88426.09709565001
95	38	88416.77690215
95	39	88410.69661595
95	40	88406.27819195
95	41	88405.15329595
95	42	88404.22769695001
95	43	88405.91836095
95	44	88408.49070305
95	45	88413.60069995001
95	46	88421.78441395001
96	36	89370.16628016
96	37	89362.20295696001
96	37	89362.20295696001
96	38	89350.44646156
96	39	89345.07526356001
96	39	89345.07526356001
96	40	89337.98834416001
96	41	89337.82473916
96	42	89334.63795816
96	43	89337.61122116001
96	44	89337.36309616001
96	45	89343.80956346
96	46	89347.25956116001
96	47	89358.85837316001
96	47	89358.85837316001
97	37	90296.54871447002
97	37	90296.54871447002
97	38	90286.12871937001
97	38	90286.12871937001
97	39	90278.66192667001
97	39	90278.66192667001
97	40	90271.97410637
97	41	90269.31611137
97	42	90267.38221937002
97	43	90267.70249237001
97	44	90268.81695337001
97	45	90272.34000107001
97	46	90277.13000717001
97	47	90284.12953637
97	48	90294.53753737001
97	48	90294.53753737001
98	37	91232.15216848
98	37	91232.15216848
98	37	91232.15216848
98	38	91219.80817418
98	38	91219.80817418
98	39	91213.98217548
98	39	91213.98217548
98	39	91213.98217548
98	39	91213.98217548
98	39	91213.98217548
98	40	91205.15187938
98	41	91202.89063858001
98	42	91198.30508058
98	43	91199.98916058
98	44	91198.19333558
98	45	91203.25078688
98	45	91203.25078688
98	45	91203.25078688
98	46	91205.12337708
98	47	91213.54338348
98	48	91218.96279258
99	37	92166.98584839
99	37	92166.98584839
99	38	92155.73874749
99	38	92155.73874749
99	39	92147.70803539001
99	39	92147.70803539001
99	40	92140.14123979
99	41	92135.58374649001
99	42	92131.94514179
99	43	92130.58784079
99	44	92130.29433979001
99	45	92132.39734959
99	46	92135.76264239001
99	47	92141.19264469
99	48	92148.05885479
99	48	92148.05885479
99	48	92148.05885479
99	49	92157.00155679
100	37	93102.70982300001
100	37	93102.70982300001
100	38	93089.1860083
100	38	93089.1860083
100	39	93082.1109424
100	39	93082.1109424
100	39	93082.1109424
100	40	93072.80098520001
100	41	93069.46599530001
100	42	93063.22096300001
100	43	93063.38889900001
100	44	93060.18660100001
100	45	93063.81660090001
100	45	93063.81660090001
100	45	93063.81660090001
100	46	93064.17950970001
100	47	93071.2529381
100	48	93075.1430102
100	49	93085.2717828
100	49	93085.2717828
100	50	93092.94267300001
101	37	94037.30186561002
101	37	94037.30186561002
101	38	94025.49186981001
101	38	94025.49186981001
101	39	94015.98678691001
101	39	94015.98678691001
101	40	94007.44185091
101	41	94001.95686331001
101	42	93997.38782421
101	43	93994.56345811002
101	44	93992.94986221
101	45	93993.49146501001
101	46	93995.47146451002
101	47	93999.67527181002
101	48	94005.15186721
101	49	94012.49088421001
101	49	94012.49088421001
101	50	94021.33967921001
101	50	94021.33967921001
102	38	94959.31593232
102	38	94959.31593232
102	39	94950.50085702
102	39	94950.50085702
102	40	94940.65089282
102	41	94936.04590272
102	41	94936.04590272
102	42	94928.83592262
102	43	94927.82594842
102	43	94927.82594842
102	43	94927.82594842
102	44	94923.29572342
102	45	94925.61829342
102	45	94925.61829342
102	46	94924.46781142
102	47	94930.39098852
102	48	94932.97808802
102	49	94941.87831072
102	50	94947.64584242
103	39	95885.29700663
103	40	95875.51329383001
103	41	95868.56823683
103	42	95863.03824383
103	43	95859.28829453001
103	44	95856.62868363
103	45	95855.86537663
103	46	95856.40847563
103	47	95859.09648793
103	48	95863.23838923
103	49	95869.28837943
103	50	95876.94200663001
104	39	96820.46996484001
104	40	96809.04096484001
104	41	96803.15325504
104	41	96803.15325504
104	42	96795.04820514
104	43	96792.89322014
104	44	96787.29052984
104	45	96788.43173784
104	45	96788.43173784
104	46	96785.99071884001
104	47	96790.26940384001
104	48	96791.40627084
104	49	96799.31505174
104	50	96803.83005054001
104	51	96816.35276984001
105	40	97744.51202605001
105	41	97736.02072725001
105	42	97729.53575585001
105	43	97724.58577195
105	44	97720.94579105
105	45	97719.02878205001
105	46	97718.46208005001
105	47	97719.80771625001
105	48	97722.54641575001
105	49	97727.39540975001
105	50	97733.64344465
105	50	97733.64344465
105	51	97742.96592405
106	40	98678.18598526
106	41	98671.38619026
106	42	98662.11346656
106	43	98658.59347476
106	44	98652.04640926
106	45	98652.00700925999
106	46	98648.46594126
106	47	98651.43123526
106	47	98651.43123526
106	48	98651.23662826
106	49	98657.75797546
106	50	98660.94233786
106	51	98672.01717526
106	52	98680.37008626
107	41	99604.82714847001
107	42	99596.92393337001
107	43	99590.76393447
107	44	99585.94393717
107	45	99583.00342947
107	46	99581.49228647
107	47	99581.45929347
107	48	99582.87628047001
107	49	99586.30233647
107	50	99591.30196527
107	51	99599.21025147001
107	52	99609.34524747
107	52	99609.34524747
108	41	100540.36410768001
108	42	100530.05846668001
108	43	100525.42349768
108	44	100517.70349868001
108	45	100516.34220018
108	45	100516.34220018
108	46	100511.83717468001
108	47	100513.75515468001
108	47	100513.75515468001
108	48	100512.10565368
108	49	100517.25329868
108	50	100519.34538338
108	51	100528.85140568
108	52	100535.67289538
108	52	100535.67289538
108	53	100548.78901268
109	42	101465.49637389001
109	43	101457.98471189
109	44	101452.00060579002
109	45	101447.84055189001
109	46	101445.24923589
109	47	101444.13334089001
109	48	101444.34713189001
109	49	101446.36741289002
109	50	101450.21777289001
109	51	101456.59785309002
109	52	101465.27020649001
109	52	101465.27020649001
109	53	101475.27625659
110	42	102398.6763321
110	43	102392.9843321
110	44	102384.2070102
110	45	102381.39701079999
110	45	102381.39701079999
110	46	102375.9970222
110	47	102376.8895021
110	47	102376.8895021
110	48	102373.9974031
110	49	102377.8753212
110	50	102378.5130175
110	51	102386.8125321
110	52	102392.0666803
110	52	102392.0666803
110	53	102403.9994241
110	53	102403.9994241
110	53	102403.9994241
110	53	102403.9994241
110	54	102412.6573311
111	43	103326.02539331
111	44	103319.04849631
111	45	103313.55258931
111	46	103309.81175421001
111	47	103307.62376131001
111	48	103306.58696431
111	49	103307.45284231
111	50	103309.89772331
111	51	103314.99759431
111	52	103322.36592261
111	52	103322.36592261
111	53	103330.88949231
111	53	103330.88949231
111	54	103341.45948831
112	43	104261.42135252
112	44	104251.46734852
112	45	104247.79735552
112	45	104247.79735552
112	46	104240.99803752001
112	47	104240.71013862001
112	48	104236.75422752001
112	49	104239.34040452
112	49	104239.34040452
112	50	104238.67691352
112	51	104245.73193202
112	52	104250.07573932
112	53	104260.23864452001
112	53	104260.23864452001
112	53	104260.23864452001
112	53	104260.23864452001
112	54	104267.39114012
112	54	104267.39114012
112	55	104281.04248952001
113	43	105194.86232073001
113	44	105186.67441373001
113	45	105180.04251573
113	46	105175.13577783002
113	46	105175.13577783002
113	46	105175.13577783002
113	47	105171.79579983001
113	48	105169.77938873
113	49	105169.46348373001
113	50	105170.49937673
113	51	105174.40489233001
113	52	105180.50471573001
113	53	105187.70486333001
113	53	105187.70486333001
113	54	105196.76743503001
113	54	105196.76743503001
113	54	105196.76743503001
113	55	105207.15170133
114	44	106119.52861694
114	45	106114.72867694
114	45	106114.72867694
114	46	106106.82875344
114	47	106105.37805174
114	48	106100.30164994
114	49	106101.75344594
114	49	106101.75344594
114	50	106099.76484594
114	51	106105.64635784
114	52	106108.40377794
114	53	106117.52667994
114	53	106117.52667994
114	54	106123.39077094
114	55	106135.75667294
114	55	106135.75667294
114	55	106135.75667294
114	55	106135.75667294
114	56	106144.62452994
114	56	106144.62452994
115	44	107055.03734015
115	44	107055.03734015
115	45	107047.41398885
115	46	107041.41342915001
115	47	107036.83000425
115	48	107033.72651115
115	49	107032.28089715
115	50	107031.78560915
115	51	107034.81561895
115	52	107039.45432845
115	53	107045.41354115
115	54	107053.37279915
115	54	107053.37279915
115	55	107062.13961315001
115	55	107062.13961315001
115	56	107073.10823815
116	44	107988.15229936001
116	45	107982.25759736
116	45	107982.25759736
116	46	107973.35844646
116	47	107970.75145556
116	48	107964.59166836001
116	49	107965.06195736001
116	49	107965.06195736001
116	50	107961.78757036
116	51	107966.49494136001
116	52	107967.99480836
116	53	107975.74008616
116	54	107980.39985436
116	55	107990.87683936
116	55	107990.87683936
116	55	107990.87683936
116	55	107990.87683936
116	55	107990.87683936
116	55	107990.87683936
116	56	107998.98540136001
117	45	108915.26846257
117	46	108908.27286357
117	47	108902.56181677002
117	48	108898.37982757001
117	49	108895.86370857
117	50	108894.40843257001
117	51	108896.16496757
117	52	108899.69984257001
117	53	108904.35349307001
117	54	108910.79964367
117	54	108910.79964367
117	55	108918.32326447
117	55	108918.32326447
117	56	108927.84251357001
117	56	108927.84251357001
117	56	108927.84251357001
118	45	109850.56242177999
118	46	109840.75530048
118	47	109836.65531278
118	48	109829.59070248
118	49	109829.07074278
118	50	109824.64749378
118	51	109828.30418178
118	52	109828.58190688
118	53	109835.62634448
118	54	109838.57111278
118	55	109847.87110038
118	55	109847.87110038
118	55	109847.87110038
118	55	109847.87110038
118	55	109847.87110038
118	55	109847.87110038
118	56	109854.29871978
118	57	109866.45442178
119	45	110783.85437999
119	46	110775.76998599
119	47	110769.23821169
119	47	110769.23821169
119	48	110763.88822369
119	49	110760.09160899
119	50	110757.72765599
119	51	110758.32140199
119	52	110760.61439999001
119	53	110764.12802059
119	54	110769.12967169
119	55	110775.45755959
119	55	110775.45755959
119	56	110783.55417379
119	56	110783.55417379
119	57	110792.97448299
120	46	111708.5209442
120	47	111703.5143351
120	47	111703.5143351
120	48	111695.31432640001
120	49	111693.55580510001
120	49	111693.55580510001
120	49	111693.55580510001
120	50	111688.1858202
120	51	111690.86636920001
120	51	111690.86636920001
120	52	111689.8884348
120	53	111695.5034269
120	53	111695.5034269
120	54	111697.4634012
120	55	111705.3853241
120	55	111705.3853241
120	55	111705.3853241
120	56	111710.38531520001
120	57	111721.59954420001
120	57	111721.59954420001
121	46	112643.88090341001
121	47	112636.23408701002
121	47	112636.23408701002
121	48	112629.83409121001
121	49	112624.94407901
121	50	112621.58048141001
121	51	112621.19238241001
121	52	112622.22868121
121	53	112624.49949521001
121	54	112628.23178241
121	55	112633.63179321
121	56	112640.44647611001
121	56	112640.44647611001
121	57	112648.37970741001
121	58	112658.30950241
121	59	112667.93450641
122	47	113570.84826262
122	47	113570.84826262
122	48	113561.70126262
122	49	113558.70001752
122	49	113558.70001752
122	50	113552.33144062
122	51	113553.95114362
122	51	113553.95114362
122	52	113551.97254062
122	53	113556.20651062
122	54	113557.10098052
122	55	113564.15575302
122	56	113567.99816962
122	57	113577.73187162
122	57	113577.73187162
122	58	113584.53156362
122	58	113584.53156362
123	47	114503.81423083
123	47	114503.81423083
123	48	114496.45688843
123	49	114490.34190543
123	50	114485.95090183
123	51	114484.54730883
123	52	114484.59860983
123	53	114485.84068983
123	54	114488.51671333
123	55	114492.71701733
123	56	114498.17823083
123	57	114505.06202583
123	58	114513.69672783
123	58	114513.69672783
124	47	115438.68918904
124	47	115438.68918904
124	48	115428.55332744001
124	49	115424.38734104001
124	50	115417.02737604
124	51	115417.64517004
124	52	115414.73987504
124	53	115417.89936604
124	54	115417.60577004001
124	55	115423.52277854
124	56	115426.16927574
124	57	115434.96318904
124	58	115440.54289104001
124	59	115452.24168604001
124	59	115452.24168604001
125	48	116363.43670145
125	49	116356.27772605002
125	50	116350.85973625001
125	51	116348.49592325001
125	52	116347.72923225001
125	53	116347.91543225001
125	54	116349.56783125001
125	55	116352.65996225
125	56	116357.21992625
125	57	116362.86235325
125	58	116370.19205525001
125	58	116370.19205525001
125	59	116378.94785025001
126	48	117295.92475836
126	49	117290.43877205999
126	50	117282.23180176
126	51	117281.85378065999
126	52	117278.18079346
126	53	117280.33607346
126	53	117280.33607346
126	54	117279.07804946
126	55	117283.90360245999
126	56	117285.57639816
126	57	117293.14541446
126	58	117297.55120946
126	59	117307.99301346
126	59	117307.99301346
127	48	118231.22019927
127	49	118222.75223397001
127	49	118222.75223397001
127	50	118216.23824897
127	51	118213.03721367
127	52	118211.45624067
127	53	118210.75863667
127	54	118211.42113167
127	55	118213.50578667001
127	56	118216.95586367
127	57	118221.64954967001
127	58	118227.78747567
127	59	118235.31437267001
127	60	118244.32117767
127	60	118244.32117767
128	48	119163.94940548
128	49	119156.87938628001
128	49	119156.87938628001
128	50	119147.90380768
128	51	119146.62980978
128	51	119146.62980978
128	51	119146.62980978
128	52	119142.24631688
128	53	119143.49729788
128	53	119143.49729788
128	54	119141.37912088001
128	55	119145.30918088001
128	56	119145.83042368
128	57	119152.48039488001
128	58	119155.66753688
128	59	119164.91733188
128	59	119164.91733188
128	60	119171.05503388001
129	49	120089.75898349001
129	49	120089.75898349001
129	50	120082.10398399
129	51	120078.10797469
129	52	120075.72846609
129	53	120074.23056309001
129	54	120074.03681609001
129	55	120075.23235009001
129	56	120077.66568529
129	57	120081.38564489
129	58	120086.43569009
129	59	120092.74149509001
129	60	120100.56509509
129	60	120100.56509509
130	48	121029.86885730001
130	48	121029.86885730001
130	49	121024.23451000001
130	49	121024.23451000001
130	50	121013.98552910001
130	51	121011.83513220001
130	51	121011.83513220001
130	52	121006.8751383
130	53	121007.29562430001
130	54	121004.34704630001
130	55	121007.32987330001
130	55	121007.32987330001
130	56	121006.95708830001
130	57	121012.55475230001
130	58	121014.76175230001
130	59	121022.85665930001
130	60	121027.88625830002
130	61	121038.75715630001
130	61	121038.75715630001
131	49	121957.52273851
131	49	121957.52273851
131	50	121948.33884571001
131	51	121943.70084851
131	52	121940.51079851
131	53	121938.27810051
131	54	121937.30720251
131	55	121937.65886451
131	56	121939.02894951
131	57	121941.98900851
131	58	121946.00897731
131	58	121946.00897731
131	59	121951.25897471
131	60	121957.81897221
131	60	121957.81897221
131	61	121965.91921751
131	62	121974.43941851
131	62	121974.43941851
132	49	122894.19563972001
132	49	122894.19563972001
132	50	122880.59565372001
132	51	122877.29262462001
132	51	122877.29262462001
132	52	122872.00666832
132	53	122871.51366902
132	54	122867.93666572
132	55	122870.05614572001
132	55	122870.05614572001
132	56	122868.77674772001
132	57	122873.48473492
132	58	122874.76888372001
132	59	122881.87687472001
132	60	122885.60257672
132	61	122895.50438072
132	61	122895.50438072
132	62	122901.24297972
132	62	122901.24297972
133	49	123831.27373993001
133	49	123831.27373993001
133	50	123817.74336053
133	50	123817.74336053
133	51	123809.75336443001
133	52	123805.75036563001
133	53	123802.83241493
133	54	123801.06180293001
133	55	123800.63441093001
133	56	123801.15190993
133	57	123803.38192093001
133	58	123806.31894493001
133	59	123810.65094493
133	60	123816.24884293001
133	61	123823.24463793001
133	62	123831.63654493
133	62	123831.63654493
134	50	124752.97790414002
134	50	124752.97790414002
134	51	124746.22698664002
134	51	124746.22698664002
134	51	124746.22698664002
134	52	124737.80979134001
134	53	124736.24974214002
134	54	124732.07972214001
134	55	124733.30857114
134	55	124733.30857114
134	56	124731.24987114001
134	57	124734.96307624002
134	58	124735.46308204
134	59	124741.67000614002
134	59	124741.67000614002
134	60	124744.43995514001
134	61	124753.32269914002
134	61	124753.32269914002
134	62	124758.74350314001
134	63	124769.58960214001
134	63	124769.58960214001
135	51	125681.99295285
135	51	125681.99295285
135	52	125673.87287095
135	53	125667.91093995
135	54	125665.26285335
135	55	125664.11193135
135	56	125663.84333235
135	57	125665.04335285
135	58	125667.06895185
135	59	125670.78884835
135	60	125675.53905835
135	60	125675.53905835
135	61	125681.55686235
135	62	125688.68166735
135	62	125688.68166735
135	63	125697.41046235
136	51	126618.10902656
136	51	126618.10902656
136	52	126608.76917586
136	52	126608.76917586
136	53	126603.69437436
136	54	126596.76815256
136	55	126596.84918856001
136	55	126596.84918856001
136	55	126596.84918856001
136	56	126594.30099356
136	57	126597.17085446001
136	58	126596.69777676
136	59	126601.82407356
136	60	126604.03506776
136	61	126611.88510386001
136	61	126611.88510386001
136	62	126616.40382156
136	63	126626.83662556
136	63	126626.83662556
136	63	126626.83662556
136	63	126626.83662556
137	52	127545.12717357001
137	52	127545.12717357001
137	53	127538.18555797
137	53	127538.18555797
137	54	127532.30811377
137	55	127528.13615477
137	56	127526.96055477
137	57	127527.56033797
137	58	127528.78243797
137	59	127531.48443697001
137	60	127535.17441297001
137	61	127540.75422077
137	62	127546.80798477001
137	63	127554.33478977002
137	64	127563.12768677
138	52	128480.24924198001
138	52	128480.24924198001
138	53	128473.88116778001
138	53	128473.88116778001
138	54	128466.06120998
138	55	128463.28715198001
138	56	128457.91421598001
138	57	128459.65170498002
138	57	128459.65170498002
138	58	128458.60723638
138	59	128463.04423248001
138	60	128464.14424598002
138	61	128471.04399998001
138	61	128471.04399998001
138	61	128471.04399998001
138	62	128474.95814898002
138	63	128484.18894398001
138	64	128490.26185098001
139	53	129408.83187699
139	53	129408.83187699
139	54	129402.02588709
139	55	129396.96886419
139	56	129392.75617719001
139	57	129390.43907519
139	58	129390.71703119
139	59	129392.84602519
139	60	129395.63257189
139	61	129400.15455719
139	62	129405.61459649
139	63	129412.29210719
139	64	129419.99600519
139	64	129419.99600519
139	65	129429.26380919
140	53	130344.9323554
140	53	130344.9323554
140	54	130336.1694084
140	55	130332.10945830001
140	56	130325.89068140001
140	57	130324.8435364
140	58	130321.0816384
140	59	130324.46960140001
140	60	130324.6917502
140	61	130330.78042760001
140	61	130330.78042760001
140	62	130333.8003654
140	63	130342.2001204
140	64	130347.65996840001
140	65	130358.4604693
140	65	130358.4604693
141	53	131280.18033261
141	53	131280.18033261
141	54	131272.34143971
141	54	131272.34143971
141	55	131266.19151821
141	55	131266.19151821
141	56	131260.93642041
141	57	131257.72038061
141	58	131255.21839961
141	59	131254.63769961
141	60	131256.46058861
141	61	131260.17560641
141	62	131264.71871851
141	63	131270.26872060998
141	64	131277.51633261
141	64	131277.51633261
141	65	131285.85303461
141	65	131285.85303461
141	66	131295.19593160998
141	66	131295.19593160998
142	54	132206.67838182
142	54	132206.67838182
142	55	132201.63837902
142	55	132201.63837902
142	56	132194.33191982002
142	57	132192.11982882002
142	58	132187.61475682002
142	59	132188.35996082
142	59	132188.35996082
142	60	132186.19776282003
142	61	132191.07134932
142	62	132193.16947642
142	63	132200.52939572002
142	63	132200.52939572002
142	64	132205.02937682002
142	65	132215.08892382
142	65	132215.08892382
142	66	132221.98889882
142	66	132221.98889882
143	54	133143.25252903
143	55	133135.94553433
143	55	133135.94553433
143	56	133129.70294003
143	57	133125.45963773
143	58	133122.03511803
143	59	133120.57352103
143	60	133119.63952403
143	61	133120.68091603
143	62	133124.12391203
143	63	133129.29231653
143	64	133135.29973273
143	65	133142.69335203
143	65	133142.69335203
143	66	133151.45825003
143	66	133151.45825003
143	67	133161.49105403
144	54	134077.89449724002
144	55	134071.82918964
144	55	134071.82918964
144	55	134071.82918964
144	56	134063.36460054002
144	56	134063.36460054002
144	57	134060.24525834003
144	58	134054.70407624
144	59	134054.38537624
144	60	134051.38788524002
144	61	134053.71967824
144	62	134053.16948024003
144	63	134059.49829284003
144	64	134063.23761324002
144	65	134072.15651624
144	66	134078.38841324003
144	66	134078.38841324003
144	67	134090.14421824002
144	67	134090.14421824002
145	55	135006.47503585002
145	55	135006.47503585002
145	56	134998.58822255
145	57	134993.65650865002
145	58	134989.53983595
145	59	134987.00309945
145	60	134985.19784645
145	61	134985.36103945
145	61	134985.36103945
145	62	134985.97774145
145	63	134988.63793245002
145	64	134993.69233895
145	65	135000.20036295
145	65	135000.20036295
145	66	135007.92063945002
145	66	135007.92063945002
145	67	135017.02727945
145	68	135027.37617645
146	54	135946.11123665998
146	55	135942.47037166
146	55	135942.47037166
146	56	135933.09386976
146	57	135928.97587016
146	57	135928.97587016
146	58	135922.42917535998
146	59	135921.39408086
146	60	135917.19790766
146	61	135918.66943665998
146	61	135918.66943665998
146	62	135917.12753666
146	63	135921.00566465998
146	64	135922.03588466
146	65	135930.11092606
146	65	135930.11092606
146	66	135935.27092216
146	67	135945.95043366
146	67	135945.95043366
146	68	135953.37434066
146	68	135953.37434066
146	69	135967.28623766
146	69	135967.28623766
147	54	136877.60529787
147	55	136877.39518777002
147	55	136877.39518777002
147	56	136868.14190557002
147	56	136868.14190557002
147	57	136862.39192037002
147	57	136862.39192037002
147	58	136857.44694317
147	59	136854.15696057002
147	60	136851.47126887002
147	61	136850.57516787
147	62	136850.35106787
147	63	136852.07246087003
147	63	136852.07246087003
147	64	136854.26026187002
147	65	136858.87168577002
147	66	136865.24424507
147	66	136865.24424507
147	67	136873.39259687002
147	67	136873.39259687002
147	68	136882.49249487
147	68	136882.49249487
147	68	136882.49249487
147	68	136882.49249487
147	69	136893.21840187002
147	69	136893.21840187002
147	69	136893.21840187002
148	55	137813.59792338
148	55	137813.59792338
148	56	137803.07304508
148	56	137803.07304508
148	57	137797.95804638
148	57	137797.95804638
148	58	137790.69574748
148	59	137788.63573718
148	60	137783.70372608
148	61	137784.24309208
148	62	137781.77482908
148	63	137784.88224148
148	63	137784.88224148
148	64	137784.84182508002
148	65	137790.53482878002
148	66	137793.21292718
148	67	137802.61278808
148	67	137802.61278808
148	67	137802.61278808
148	68	137809.36665808
148	69	137821.36436008
148	70	137830.62325808
149	55	138748.40582229
149	56	138738.65371928999
149	56	138738.65371928999
149	57	138731.32282229
149	57	138731.32282229
149	58	138725.81724459
149	59	138721.62730969
149	60	138718.23038728998
149	61	138716.53967529
149	62	138715.46859029
149	63	138716.16076629
149	64	138717.47747729
149	64	138717.47747729
149	65	138721.11637129
149	65	138721.11637129
149	66	138724.92840919
149	67	138730.94209869
149	68	138738.67564929
149	68	138738.67564929
149	69	138748.24752429
149	69	138748.24752429
149	70	138758.93142129
150	56	139673.45367850002
150	57	139666.8867805
150	57	139666.8867805
150	58	139659.11546950002
150	59	139656.1054014
150	60	139650.41544550002
150	61	139650.5020613
150	62	139647.0480525
150	63	139649.30861150002
150	64	139648.33721250002
150	65	139652.99339850002
150	65	139652.99339850002
150	66	139654.78712750002
150	66	139654.78712750002
150	67	139662.0270815
150	68	139666.1350805
150	69	139677.2266785
150	70	139684.9765855
150	71	139698.64848250002
151	57	140600.96173971
151	58	140594.14294471
151	59	140588.81676761
151	60	140584.64680671
151	61	140582.20438671
151	62	140581.01731371
151	63	140580.94051271
151	64	140581.40470271
151	64	140581.40470271
151	65	140583.97009371
151	65	140583.97009371
151	66	140586.84089771
151	66	140586.84089771
151	67	140591.96863051
151	67	140591.96863051
151	68	140597.18894471
151	69	140604.71888371
151	69	140604.71888371
151	70	140613.91892571
151	70	140613.91892571
151	70	140613.91892571
151	70	140613.91892571
151	71	140624.91963071
152	58	141528.04990292003
152	59	141523.63400592003
152	60	141516.93987372002
152	61	141515.82963212003
152	62	141512.32507392002
152	63	141514.19917392003
152	63	141514.19917392003
152	64	141512.38107392003
152	65	141516.37106382003
152	65	141516.37106382003
152	66	141516.96974892
152	66	141516.96974892
152	67	141523.44347362002
152	67	141523.44347362002
152	68	141526.54847192002
152	68	141526.54847192002
152	69	141535.21300592003
152	69	141535.21300592003
152	70	141540.67794792002
152	70	141540.67794792002
152	71	141553.02260492003
152	71	141553.02260492003
153	58	142463.59586213
153	59	142457.04706713
153	60	142451.52316013002
153	61	142447.92314923002
153	62	142446.02273513
153	63	142445.21406513
153	64	142445.69913513
153	65	142447.26941613
153	66	142449.43991613
153	66	142449.43991613
153	67	142453.56859413002
153	67	142453.56859413002
153	68	142458.13225393
153	68	142458.13225393
153	69	142464.59134343002
153	69	142464.59134343002
153	70	142471.28006713002
153	70	142471.28006713002
153	71	142480.11076913
154	59	143392.38802533998
154	60	143384.47112834
154	61	143381.67461554
154	61	143381.67461554
154	62	143377.62059633998
154	63	143378.33769634
154	63	143378.33769634
154	64	143376.36919634
154	65	143379.93117624
154	65	143379.93117624
154	65	143379.93117624
154	65	143379.93117624
154	65	143379.93117624
154	65	143379.93117624
154	65	143379.93117624
154	66	143379.68553934
154	67	143385.43693534
154	67	143385.43693534
154	68	143387.46886534
154	68	143387.46886534
154	69	143395.52231434
154	69	143395.52231434
154	69	143395.52231434
154	69	143395.52231434
154	69	143395.52231434
154	70	143400.01132534
154	70	143400.01132534
154	71	143410.12392334
154	72	143416.78372734
154	72	143416.78372734
155	59	144326.23898455
155	60	144319.56908655
155	61	144314.54928255003
155	62	144311.37875755
155	63	144309.75165755002
155	64	144309.49918755
155	65	144310.32067535003
155	66	144312.41517545
155	67	144315.51716415002
155	68	144319.36063735
155	68	144319.36063735
155	69	144324.93677425
155	69	144324.93677425
155	70	144330.92718955
155	70	144330.92718955
155	71	144338.89112455002
155	71	144338.89112455002
155	72	144346.88989155
155	72	144346.88989155
156	60	145252.96404576
156	61	145248.85681246
156	62	145243.70175276
156	63	145242.97948976
156	64	145240.52841876
156	65	145242.97280176
156	65	145242.97280176
156	66	145242.53918176002
156	67	145247.59934876
156	68	145248.96929876
156	68	145248.96929876
156	69	145256.18819026
156	69	145256.18819026
156	69	145256.18819026
156	70	145259.76111596
156	70	145259.76111596
156	71	145269.20724676
156	71	145269.20724676
156	71	145269.20724676
156	71	145269.20724676
156	72	145275.11219276
156	73	145286.70195276
156	73	145286.70195276
157	60	146188.51001397
157	61	146182.34331197
157	62	146177.79638997
157	63	146175.09634696998
157	64	146173.73377997
157	65	146173.79387997
157	66	146175.13524196998
157	67	146177.67525946998
157	68	146181.14521537
157	68	146181.14521537
157	69	146185.62529626998
157	70	146191.15565877
157	70	146191.15565877
157	71	146198.08838807
157	71	146198.08838807
157	72	146205.56330797
157	72	146205.56330797
157	73	146214.89401197
158	61	147117.08827018001
158	62	147110.79146618
158	63	147108.84689428002
158	64	147105.36184118
158	65	147106.58184118
158	65	147106.58184118
158	66	147105.64503418002
158	67	147109.88164498002
158	68	147110.78156818
158	69	147117.31152718002
158	70	147120.04057218
158	70	147120.04057218
158	71	147128.71354818
158	71	147128.71354818
158	72	147133.81657018
158	72	147133.81657018
158	73	147144.73316618
158	73	147144.73316618
158	74	147151.78497218
159	61	148051.01323839
159	62	148045.33143439
159	63	148041.49835239
159	64	148038.98400239
159	65	148038.01340239
159	66	148038.37900039
159	67	148040.21659039
159	68	148042.98508639
159	69	148046.83512239
159	70	148051.88511009
159	71	148057.87298049
159	71	148057.87298049
159	72	148064.55143039
159	72	148064.55143039
159	73	148073.03836639
159	73	148073.03836639
159	74	148081.73413439
159	74	148081.73413439
160	62	148978.76339260003
160	63	148975.6775936
160	64	148971.0979636
160	65	148971.20356360002
160	66	148969.3682626
160	67	148972.6596836
160	68	148972.9873425
160	69	148978.8773824
160	70	148980.8875876
160	71	148988.7675646
160	71	148988.7675646
160	71	148988.7675646
160	71	148988.7675646
160	72	148993.06496070002
160	72	148993.06496070002
160	73	149003.1534876
160	73	149003.1534876
160	74	149009.5854376
160	75	149021.80219760002
160	75	149021.80219760002
161	62	149913.74135181
161	63	149908.76655681
161	64	149905.02792281
161	65	149903.07232381002
161	66	149902.47922381002
161	67	149903.33801881
161	68	149905.34065981
161	69	149908.50466491
161	70	149912.65463581
161	71	149917.95461381
161	72	149924.27848321002
161	72	149924.27848321002
161	73	149931.76940021
161	73	149931.76940021
161	74	149939.88754881002
161	74	149939.88754881002
161	75	149949.73425481
162	63	150843.39051502
162	64	150837.74736702
162	65	150836.35347951998
162	66	150833.84768502
162	67	150835.98787402
162	68	150835.69237802
162	69	150840.50177812
162	70	150842.18971102
162	71	150849.40968802
162	71	150849.40968802
162	71	150849.40968802
162	72	150852.85880452
162	72	150852.85880452
162	73	150862.12178401998
162	73	150862.12178401998
162	74	150867.89181502
162	74	150867.89181502
162	75	150879.40840801998
162	75	150879.40840801998
162	76	150886.96521602
163	63	151776.99947423002
163	64	151772.04367923
163	65	151768.92722723001
163	66	151767.14214623
163	67	151767.14474623
163	68	151768.35472223003
163	69	151770.79371523001
163	70	151774.16376723003
163	71	151778.76375493003
163	72	151784.21365823
163	73	151791.02310523
163	73	151791.02310523
163	74	151798.47267123
163	74	151798.47267123
163	75	151807.50660723003
163	75	151807.50660723003
163	76	151816.80937723
163	76	151816.80937723
164	64	152705.27963744
164	65	152702.93942844
164	66	152699.04940744
164	67	152700.03610644
164	67	152700.03610644
164	68	152699.07370444
164	69	152703.03571814
164	69	152703.03571814
164	69	152703.03571814
164	70	152704.03193644
164	71	152710.28190244
164	72	152713.25584244
164	73	152721.77663744
164	74	152726.74490544
164	74	152726.74490544
164	75	152737.47772844
164	75	152737.47772844
164	76	152744.46468144
164	76	152744.46468144
165	64	153640.05259665003
165	65	153635.86080165
165	66	153632.89896865003
165	67	153631.61276965003
165	68	153631.98906565
165	69	153633.58156265
165	70	153636.34357935
165	71	153640.26351715002
165	71	153640.26351715002
165	72	153644.85872565003
165	73	153650.70687765002
165	74	153657.71141235
165	74	153657.71141235
165	75	153665.82842565002
165	75	153665.82842565002
165	76	153674.60578965003
165	76	153674.60578965003
166	65	154570.30775986
166	66	154565.42082986
166	67	154564.93453086002
166	68	154563.08003086
166	69	154566.12004936
166	70	154566.42357786
166	71	154571.90364486002
166	72	154574.21986286002
166	73	154581.87686286002
166	74	154586.11644876
166	74	154586.11644876
166	75	154596.16001886
166	76	154602.42305886
166	76	154602.42305886
166	77	154614.51265086
167	65	155503.66471907
167	66	155499.56596177
167	67	155497.21596407
167	68	155496.20929307
167	69	155496.95759107
167	70	155498.91187307
167	71	155502.04191207
167	72	155506.04001707
167	73	155511.04378707
167	74	155517.28390707
167	74	155517.28390707
167	75	155524.66708907
167	75	155524.66708907
167	75	155524.66708907
167	76	155532.85291207
167	76	155532.85291207
167	77	155542.45084907
167	77	155542.45084907
168	66	156432.53198528002
168	67	156430.91785438
168	68	156428.00355328002
168	69	156429.68265028
168	69	156429.68265028
168	70	156429.42563828002
168	71	156433.90050318002
168	72	156435.69918128
168	73	156442.36891528
168	74	156446.16308728003
168	74	156446.16308728003
168	75	156455.24088228002
168	75	156455.24088228002
168	76	156460.96475018002
168	76	156460.96475018002
168	77	156472.28996928
168	78	156479.85592528002
169	66	157366.88981449002
169	67	157363.68982429
169	68	157361.56581449
169	69	157361.21461549
169	70	157362.12379949001
169	71	157364.41679049
169	72	157367.68606229
169	73	157372.12113949002
169	74	157377.56002949
169	75	157384.14613949
169	75	157384.14613949
169	75	157384.14613949
169	76	157391.83033449002
169	76	157391.83033449002
169	77	157400.50535519002
169	77	157400.50535519002
169	77	157400.50535519002
169	78	157409.84703049
170	67	158297.74205559999
170	68	158293.8720747
170	69	158294.1864767
170	69	158294.1864767
170	70	158293.21847669999
170	71	158296.67758689998
170	72	158297.7742097
170	73	158303.77320969998
170	74	158306.7539357
170	75	158315.01900169998
170	76	158320.0557931
170	76	158320.0557931
170	77	158330.7332557
170	77	158330.7332557
170	78	158337.5273037
171	67	159230.95620691002
171	68	159227.75623591003
171	69	159226.26573691002
171	70	159226.16933891003
171	71	159227.64813491
171	72	159230.05127091001
171	73	159233.74926191
171	74	159238.32218791
171	75	159243.99212291001
171	76	159251.05515591
171	76	159251.05515591
171	77	159259.22733391
171	77	159259.22733391
171	77	159259.22733391
171	78	159267.86115291002
171	78	159267.86115291002
172	67	160165.26952812
172	68	160160.48568012
172	69	160159.59516612
172	70	160157.71500012
172	71	160160.23419512
172	72	160160.58417802
172	73	160165.50420952
172	74	160168.00425412
172	75	160175.33021912
172	75	160175.33021912
172	76	160179.79133212
172	76	160179.79133212
172	77	160189.63212712
172	77	160189.63212712
172	78	160195.83049472
172	78	160195.83049472
172	79	160207.79115512
172	79	160207.79115512
173	68	161094.80939333
173	69	161092.21083633002
173	70	161090.91276133002
173	71	161091.58356133002
173	72	161093.18848733002
173	73	161095.97836433002
173	74	161099.97821433
173	75	161104.75013933002
173	76	161111.01827833
173	76	161111.01827833
173	77	161118.39236133
173	77	161118.39236133
173	77	161118.39236133
173	77	161118.39236133
173	78	161126.58437813
173	78	161126.58437813
173	79	161135.80337913003
174	68	162027.84935254
174	69	162026.09350574002
174	70	162023.01352254002
174	71	162024.38792254002
174	72	162024.11561754
174	73	162027.96057044002
174	74	162029.81435254
174	75	162036.29123754002
174	76	162040.02518054002
174	76	162040.02518054002
174	77	162049.04424654
174	77	162049.04424654
174	78	162054.64283704
174	78	162054.64283704
174	79	162065.91750054
174	80	162073.14950754002
175	69	162959.14156165
175	70	162956.75658375
175	71	162956.28658575
175	72	162956.97237875
175	73	162958.97060975
175	74	162961.87751575
175	75	162966.18326075
175	76	162971.43640975
175	77	162978.01336075
175	77	162978.01336075
175	78	162985.63540075
175	78	162985.63540075
175	79	162994.40657875
175	79	162994.40657875
175	80	163003.30139375
176	69	163893.33757296
176	70	163889.45784396003
176	71	163889.56394696003
176	72	163888.37234396
176	73	163891.48236296003
176	74	163892.27157696002
176	75	163897.84257696
176	76	163901.00657696
176	77	163908.96846796002
176	77	163908.96846796002
176	78	163914.07857696002
176	78	163914.07857696002
176	79	163924.57537196
176	79	163924.57537196
176	80	163931.15623806
176	81	163943.59325096002
177	69	164826.64453617
177	70	164823.45640217
177	71	164822.05710817
177	72	164821.55890917
177	73	164822.72489517002
177	74	164824.72553617
177	75	164828.12563817
177	76	164832.59855517
177	77	164838.27838617002
177	77	164838.27838617002
177	78	164845.06252317
177	78	164845.06252317
177	79	164853.21960617
177	79	164853.21960617
177	80	164861.72402187
177	80	164861.72402187
177	81	164871.54460917
178	70	165756.24178498
178	71	165755.59716338
178	72	165753.49797038
178	73	165755.40998537999
178	73	165755.40998537999
178	74	165755.50128537999
178	75	165760.16127478
178	76	165762.49607517998
178	77	165769.69153337998
178	78	165774.00042537999
178	78	165774.00042537999
178	79	165783.56349437998
178	79	165783.56349437998
178	80	165789.62198058
178	80	165789.62198058
178	81	165801.49868338
178	82	165809.39110238
179	70	166690.72265859
179	71	166688.36960059
179	72	166686.96433159002
179	73	166687.07470059002
179	74	166688.13444089002
179	75	166690.84440419002
179	76	166694.52271759
179	77	166699.38455259003
179	78	166705.11865859
179	78	166705.11865859
179	79	166712.49560559003
179	79	166712.49560559003
179	80	166720.46764559002
179	80	166720.46764559002
179	80	166720.46764559002
179	81	166729.66778259003
179	81	166729.66778259003
179	82	166739.47329059002
180	70	167624.2435178
180	71	167622.244447
180	72	167619.1414918
180	73	167619.9954858
180	73	167619.9954858
180	74	167619.2874708
180	75	167623.0897842
180	76	167624.5558388
180	77	167630.9727198
180	78	167634.6648218
180	78	167634.6648218
180	79	167643.2177158
180	79	167643.2177158
180	80	167648.7378218
180	80	167648.7378218
180	81	167659.79556980002
180	81	167659.79556980002
180	81	167659.79556980002
180	82	167667.0064078
181	71	168555.49878101
181	72	168553.01125301002
181	73	168551.98385001003
181	74	168552.17172601
181	75	168553.91026471002
181	76	168556.83985501
181	77	168560.90884101
181	78	168566.13280401
181	78	168566.13280401
181	79	168572.43163101003
181	79	168572.43163101003
181	80	168579.75076801
181	80	168579.75076801
181	81	168588.22070201003
181	82	168597.49946573
181	82	168597.49946573
182	71	169490.31594022
182	72	169485.85937522
182	73	169485.48631122
182	74	169483.67271122002
182	75	169486.47273002
182	75	169486.47273002
182	76	169487.38071502
182	77	169492.99012582
182	78	169495.83982002002
182	78	169495.83982002002
182	79	169503.61977822002
182	79	169503.61977822002
182	80	169508.39967022
182	80	169508.39967022
182	81	169518.51473922
182	81	169518.51473922
182	82	169525.09922312002
183	71	170423.65780143
183	72	170420.12747133
183	73	170418.11747243
183	74	170417.04737343
183	75	170417.60331643
183	76	170419.73509943
183	77	170423.18505843
183	78	170427.76296843
183	78	170427.76296843
183	79	170433.25180043
183	79	170433.25180043
183	80	170439.55890343
183	80	170439.55890343
183	80	170439.55890343
183	81	170447.20480043
183	82	170455.89589443
183	82	170455.89589443
184	71	171358.81896264
184	71	171358.81896264
184	72	171353.40702284002
184	72	171353.40702284002
184	73	171352.06703654001
184	74	171349.20103464002
184	75	171350.68370964003
184	76	171350.65243264002
184	77	171355.21443564002
184	78	171357.54708464
184	78	171357.54708464
184	79	171364.67396064
184	79	171364.67396064
184	79	171364.67396064
184	79	171364.67396064
184	80	171368.72806664
184	80	171368.72806664
184	81	171377.91696464003
184	81	171377.91696464003
184	82	171383.91406664002
184	82	171383.91406664002
185	72	172288.23782385
185	73	172285.00470945
185	74	172283.01269585002
185	75	172282.57959585
185	76	172283.59239585
185	77	172285.96512785
185	78	172289.78309385
185	78	172289.78309385
185	79	172294.49009085
185	79	172294.49009085
185	79	172294.49009085
185	79	172294.49009085
185	80	172300.31204885
185	80	172300.31204885
185	81	172306.93292285
185	82	172314.83201685
185	83	172324.62189685
186	73	173219.28472496
186	74	173215.38375606
186	75	173215.96535706
186	75	173215.96535706
186	76	173214.89585606
186	77	173218.72686486
186	77	173218.72686486
186	77	173218.72686486
186	78	173220.10585266
186	78	173220.10585266
186	79	173226.14647066
186	80	173229.44676485998
186	80	173229.44676485998
186	81	173237.91202006
186	81	173237.91202006
186	82	173243.27091505998
186	83	173254.61593706
187	73	174152.51114827002
187	74	174149.48241727002
187	75	174148.17121827
187	75	174148.17121827
187	76	174148.16861827002
187	77	174149.67098027002
187	78	174152.77928927002
187	79	174156.37929427
187	79	174156.37929427
187	80	174161.24420727
187	80	174161.24420727
187	80	174161.24420727
187	80	174161.24420727
187	81	174167.19204527
187	81	174167.19204527
187	82	174174.35514827
187	82	174174.35514827
187	82	174174.35514827
187	82	174174.35514827
187	83	174183.29504227
188	74	175082.21406648
188	75	175081.86507948
188	76	175079.74467948
188	77	175082.55403348
188	77	175082.55403348
188	78	175083.06054848
188	78	175083.06054848
188	79	175088.36040748
188	80	175090.66032748
188	80	175090.66032748
188	81	175098.45328348
188	81	175098.45328348
188	82	175103.24130748
188	82	175103.24130748
188	83	175113.59220848
188	83	175113.59220848
188	83	175113.59220848
188	83	175113.59220848
189	74	176016.89864869002
189	75	176014.39858069003
189	76	176013.38944069002
189	77	176013.92185569002
189	78	176015.89235729002
189	79	176018.74236869003
189	79	176018.74236869003
189	80	176022.69228569002
189	80	176022.69228569002
189	80	176022.69228569002
189	80	176022.69228569002
189	81	176027.86822169
189	82	176034.56486869
189	82	176034.56486869
189	83	176042.60316769002
189	83	176042.60316769002
190	74	176949.5838138
190	75	176948.3138154
190	76	176945.1632019
190	77	176947.1634299
190	77	176947.1634299
190	78	176946.5466679
190	79	176950.98841370002
190	79	176950.98841370002
190	79	176950.98841370002
190	80	176952.45847890002
190	80	176952.45847890002
190	81	176959.4622029
190	81	176959.4622029
190	82	176963.5454279
190	82	176963.5454279
190	83	176973.17626490002
190	83	176973.17626490002
190	83	176973.17626490002
190	83	176973.17626490002
190	84	176979.3151599
191	75	177881.01518051
191	76	177878.96996311
191	77	177878.65616210998
191	78	177879.67484411
191	79	177881.50484091
191	80	177884.68480491
191	80	177884.68480491
191	81	177889.17747311
191	82	177895.05847711
191	82	177895.05847711
191	83	177902.37429011
191	83	177902.37429011
191	84	177910.22639211
192	75	178815.15155632002
192	76	178810.97731732
192	77	178812.02352332
192	77	178812.02352332
192	78	178810.56381832002
192	79	178814.08013632
192	79	178814.08013632
192	80	178814.79102932
192	81	178820.91105832002
192	81	178820.91105832002
192	82	178824.28057532
192	82	178824.28057532
192	83	178833.23052832
192	83	178833.23052832
192	84	178838.96155632002
192	84	178838.96155632002
193	75	179748.05261753002
193	76	179744.95757753
193	77	179743.81698453
193	78	179743.87368453
193	79	179744.94211853002
193	80	179747.28249443
193	81	179750.92164853
193	82	179756.07262753
193	83	179762.57446653
193	83	179762.57446653
193	84	179770.06453853002
193	84	179770.06453853002
194	76	180677.41213974002
194	77	180677.31554574
194	78	180675.06864574002
194	79	180677.56076324004
194	80	180677.60075164
194	81	180682.88270274003
194	81	180682.88270274003
194	81	180682.88270274003
194	82	180685.60072574002
194	82	180685.60072574002
194	83	180693.78144774
194	83	180693.78144774
194	83	180693.78144774
194	83	180693.78144774
194	83	180693.78144774
194	83	180693.78144774
194	84	180698.93375454002
194	85	180709.07745874
195	76	181611.64908595002
195	77	181609.64910695
195	78	181608.52900595003
195	79	181608.75580495002
195	80	181610.26578585
195	81	181613.06783395002
195	82	181617.56152395002
195	83	181623.41171795002
195	83	181623.41171795002
195	84	181630.20571595003
195	84	181630.20571595003
195	85	181638.17548795
195	85	181638.17548795
196	76	182544.53955696
196	77	182543.38205866
196	78	182540.17306816
196	79	182541.67875716
196	79	182541.67875716
196	80	182540.99265616
196	81	182545.36986116
196	82	182547.41459716
196	82	182547.41459716
196	83	182554.77179016
196	83	182554.77179016
196	84	182559.34081716
196	84	182559.34081716
196	85	182568.83276816
197	77	183476.04663797002
197	78	183473.89192937003
197	79	183473.17302937002
197	80	183473.77271537003
197	81	183475.95322637
197	82	183479.53395637003
197	83	183484.70743417
197	83	183484.70743417
197	84	183490.88486537003
197	84	183490.88486537003
197	85	183498.07655837003
197	85	183498.07655837003
198	77	184410.00292358
198	78	184405.90027758002
198	79	184406.22568958
198	80	184404.85328958
198	81	184408.31323948002
198	82	184409.72318958002
198	83	184416.28370568002
198	83	184416.28370568002
198	84	184420.31097058
198	84	184420.31097058
198	85	184429.07569258
198	85	184429.07569258
198	86	184434.67949935
198	86	184434.67949935
198	86	184434.67949935
198	86	184434.67949935
198	86	184434.67949935
199	78	185339.90953879
199	79	185338.20725079
199	80	185337.75465078998
199	81	185339.19928249
199	82	185342.08261569
199	83	185346.42749159
199	84	185352.03676878999
199	84	185352.03676878999
199	85	185358.59195779
199	85	185358.59195779
199	86	185365.74295479
199	86	185365.74295479
199	86	185365.74295479
199	86	185365.74295479
200	78	186272.19372160002
200	79	186271.5360905
200	80	186269.29201300003
200	81	186271.74797800003
200	82	186272.5586287
200	83	186278.45154920002
200	83	186278.45154920002
200	83	186278.45154920002
200	84	186281.798102
200	84	186281.798102
200	85	186289.77003500002
200	85	186289.77003500002
200	86	186294.785062
200	86	186294.785062
201	78	187206.56185091002
201	79	187203.90188791
201	80	187202.62697321
201	81	187203.10978791
201	82	187205.01267211
201	83	187208.85647581
201	83	187208.85647581
201	84	187213.73420121
201	84	187213.73420121
201	85	187219.58448761
201	85	187219.58448761
201	86	187226.14710421002
201	86	187226.14710421002
201	87	187234.01865721
201	87	187234.01865721
202	79	188137.38424782
202	80	188134.43803442002
202	81	188135.80244922003
202	82	188135.85206542
202	82	188135.85206542
202	83	188141.00751352002
202	83	188141.00751352002
202	84	188143.82443442004
202	84	188143.82443442004
202	85	188151.03825052
202	85	188151.03825052
202	86	188155.48621542
202	86	188155.48621542
202	87	188164.86579142002
202	87	188164.86579142002
203	79	189070.14981033
203	80	189068.01049363002
203	81	189067.51869563002
203	82	189068.49365563
203	83	189071.74670553
203	83	189071.74670553
203	84	189075.97976063
203	84	189075.97976063
203	85	189081.03873643
203	85	189081.03873643
203	86	189087.06701363
203	86	189087.06701363
203	87	189094.27065463
203	87	189094.27065463
204	79	190003.88128684
204	80	190000.08095584
204	81	190000.42825684
204	81	190000.42825684
204	82	189999.66455684
204	83	190004.10226524
204	84	190006.44427344
204	84	190006.44427344
204	85	190012.92101544
204	85	190012.92101544
204	86	190016.74434684
204	86	190016.74434684
204	87	190025.34235609
204	87	190025.34235609
204	88	190030.83475384
205	80	190933.97860105
205	81	190932.44721805002
205	82	190932.49841805003
205	83	190935.20677205
205	84	190938.73781865003
205	84	190938.73781865003
205	85	190943.27722075002
205	85	190943.27722075002
205	86	190948.52143405002
205	86	190948.52143405002
205	87	190955.04093319003
205	87	190955.04093319003
205	88	190962.05475305
205	88	190962.05475305
206	80	191866.81708866
206	81	191865.50897926002
206	82	191863.97578026
206	83	191867.73322726
206	84	191869.57961026
206	84	191869.57961026
206	85	191875.29705836
206	85	191875.29705836
206	86	191878.60967926
206	86	191878.60967926
206	87	191886.36499531
206	87	191886.36499531
206	87	191886.36499531
206	88	191891.30275826002
207	80	192803.00115547
207	81	192798.22611247
207	82	192796.80334147
207	83	192799.20213447
207	84	192802.11070047
207	84	192802.11070047
207	85	192806.02045047
207	85	192806.02045047
207	86	192810.63190546999
207	86	192810.63190546999
207	87	192816.34109157
207	87	192816.34109157
207	88	192822.74208547
207	88	192822.74208547
208	81	193734.00190168002
208	82	193729.00090268
208	83	193731.88059668
208	84	193733.28119968
208	84	193733.28119968
208	85	193738.25451018
208	85	193738.25451018
208	86	193741.10591818002
208	86	193741.10591818002
208	87	193748.09328078
208	87	193748.09328078
208	88	193752.41987168
208	88	193752.41987168
208	89	193761.46293868002
209	81	194668.61069589
209	82	194664.63036089
209	83	194663.98626289002
209	84	194665.87885989
209	84	194665.87885989
209	85	194669.36521489001
209	85	194669.36521489001
209	86	194673.29426349
209	86	194673.29426349
209	87	194678.45576579001
209	87	194678.45576579001
209	88	194684.06991789
209	88	194684.06991789
209	89	194691.17540857
209	89	194691.17540857
210	81	195604.49454230003
210	81	195604.49454230003
210	82	195599.0105241
210	82	195599.0105241
210	83	195598.94702410002
210	83	195598.94702410002
210	84	195597.78432510002
210	85	195601.7657711
210	85	195601.7657711
210	86	195604.13934390002
210	86	195604.13934390002
210	87	195610.40153380003
210	87	195610.40153380003
210	88	195614.16978410003
210	88	195614.16978410003
210	89	195622.37346892004
210	89	195622.37346892004
211	82	196534.75048631002
211	83	196533.37785731
211	83	196533.37785731
211	84	196532.79898531002
211	85	196533.58567731
211	85	196533.58567731
211	86	196536.47714331
211	86	196536.47714331
211	87	196541.08199581
211	87	196541.08199581
211	88	196546.07898051
211	88	196546.07898051
211	89	196552.36720871
212	82	197469.18384852
212	83	197468.61014652
212	83	197468.61014652
212	83	197468.61014652
212	84	197466.35624752
212	85	197468.11073552
212	85	197468.11073552
212	85	197468.11073552
212	86	197468.06733452
212	87	197473.18475502
212	87	197473.18475502
212	88	197476.53896292
212	88	197476.53896292
212	89	197484.01574792
212	89	197484.01574792
212	90	197488.77311652
212	90	197488.77311652
213	82	198405.06393773
213	83	198402.99436173003
213	83	198402.99436173003
213	84	198401.56809773002
213	85	198401.64148173
213	86	198402.52306573003
213	87	198404.67145773003
213	87	198404.67145773003
213	88	198408.55496733
213	88	198408.55496733
213	89	198414.36019463002
213	90	198420.30917173
214	82	199339.54107394
214	83	199338.51688754
214	83	199338.51688754
214	84	199335.24476894
214	85	199336.33504794
214	86	199335.39410294002
214	87	199338.75530694
214	88	199339.81400974002
214	88	199339.81400974002
214	89	199346.15005344
214	89	199346.15005344
214	90	199350.39603894
214	91	199359.04761829
215	83	200272.93025625
215	84	200270.67803215
215	84	200270.67803215
215	85	200269.95728914998
215	86	200270.03907914998
215	87	200271.52723615
215	88	200273.74214015
215	89	200277.23161385
215	89	200277.23161385
215	90	200282.14572564999
215	91	200288.93557074
216	83	201208.49132136002
216	84	201204.49154936
216	85	201204.96076336002
216	85	201204.96076336002
216	85	201204.96076336002
216	86	201202.95749936003
216	87	201205.68703426002
216	87	201205.68703426002
216	88	201205.99431336002
216	88	201205.99431336002
216	89	201210.82945136
216	89	201210.82945136
216	90	201213.01073726002
216	90	201213.01073726002
216	91	201220.43060846
216	91	201220.43060846
217	84	202140.12538257
217	84	202140.12538257
217	85	202138.59755857
217	85	202138.59755857
217	86	202137.85793257
217	87	202138.51195357
217	88	202140.08507857
217	89	202142.90441257
217	89	202142.90441257
217	90	202146.38011347
217	91	202151.24905827
218	84	203074.05696878003
218	84	203074.05696878003
218	85	203073.79205558
218	85	203073.79205558
218	86	203070.90897878003
218	87	203072.75059778002
218	88	203072.34125528001
218	89	203076.53409458
218	90	203078.06415788003
218	91	203084.34261778003
218	92	203087.58431378
219	85	204007.72228649
219	85	204007.72228649
219	86	204006.02533299002
219	87	204005.80717899
219	88	204006.57071659
219	89	204008.75495559
219	90	204011.65735559
219	91	204015.71737839002
219	92	204020.44661499
220	85	204942.9455662
220	86	204939.2973942
220	87	204940.1626122
220	87	204940.1626122
220	88	204938.9533765
220	89	204942.4354178
220	89	204942.4354178
220	90	204943.3483885
220	90	204943.3483885
220	91	204949.0600162
220	92	204951.7117662
221	85	205876.86002741
221	86	205874.67362741003
221	86	205874.67362741003
221	87	205873.45680241002
221	87	205873.45680241002
221	87	205873.45680241002
221	88	205873.14489841
221	88	205873.14489841
221	89	205874.69597791
221	90	205877.11383781003
221	91	205880.55317911002
221	92	205884.73172941
222	85	206812.48188662
222	86	206808.04841362
222	87	206808.02370972
222	88	206805.99103762
222	88	206805.99103762
222	89	206808.28914662
222	89	206808.28914662
222	89	206808.28914662
222	89	206808.28914662
222	89	206808.28914662
222	90	206808.87150152
222	91	206813.78231862
222	92	206815.96568962
223	85	207746.57124982998
223	86	207743.35894983
223	87	207741.55487683
223	87	207741.55487683
223	88	207740.40577783
223	88	207740.40577783
223	89	207740.99162383
223	89	207740.99162383
223	90	207742.53856213
223	91	207745.49862092998
223	92	207748.99942103
224	86	208677.13071104002
224	87	208676.30645824003
224	88	208673.48743904
224	88	208673.48743904
224	89	208674.89065704
224	89	208674.89065704
224	89	208674.89065704
224	90	208674.65862344002
224	91	208678.53136284
224	91	208678.53136284
224	92	208680.36943654
225	86	209612.70057225
225	87	209610.01528265
225	88	209608.14970425
225	89	209607.79314725
225	90	209608.46764625
225	90	209608.46764625
225	91	209610.48964335
225	92	209613.53482335
225	93	209617.74084415002
226	86	210546.67843346
226	87	210544.95291316003
226	88	210541.31925846002
226	88	210541.31925846002
226	89	210541.95966846
226	89	210541.95966846
226	89	210541.95966846
226	90	210540.84328346
226	91	210543.66865686
226	91	210543.66865686
226	92	210544.97905346003
226	93	210550.32994546002
227	86	211482.31219467
227	87	211478.80958367002
227	88	211476.32331967002
227	89	211474.99822167002
227	89	211474.99822167002
227	90	211474.95342267002
227	91	211475.97277167
227	91	211475.97277167
227	92	211478.15101337002
227	93	211481.71616727
228	87	212413.91909817
228	88	212409.58118088
228	89	212409.53528288
228	89	212409.53528288
228	90	212407.40868388
228	90	212407.40868388
228	91	212409.52010988
228	91	212409.52010988
228	92	212409.86327188
228	92	212409.86327188
228	93	212414.34715188
228	93	212414.34715188
229	87	213348.29941709002
229	88	213344.57377919002
229	89	213342.81376459
229	90	213341.71874809
229	91	213342.03490709
229	91	213342.03490709
229	92	213343.34399709
229	92	213343.34399709
229	93	213345.90350399
229	93	213345.90350399
230	87	214283.6452783
230	88	214278.177411
230	89	214277.19038830002
230	90	214274.4903993
230	90	214274.4903993
230	91	214275.8002133
230	91	214275.8002133
230	91	214275.8002133
230	92	214275.23722830001
230	93	214278.84793350002
230	93	214278.84793350002
230	94	214280.5551035
231	87	215218.15263951002
231	88	215213.68963951003
231	89	215211.03774951003
231	90	215208.93776051002
231	90	215208.93776051002
231	91	215208.54826551003
231	91	215208.54826551003
231	92	215208.90588961003
231	92	215208.90588961003
231	93	215210.74229011004
231	93	215210.74229011004
231	94	215213.55224151
232	88	216147.71370072002
232	89	216145.76511072
232	90	216142.06512172002
232	90	216142.06512172002
232	91	216142.56057972
232	91	216142.56057972
232	92	216141.22342872003
232	92	216141.22342872003
232	93	216143.92130072002
232	94	216144.98041972
232	94	216144.98041972
232	95	216150.05890072
232	95	216150.05890072
233	89	217079.71946193
233	90	217076.84418293
233	91	217075.59888493
233	92	217075.02839193
233	92	217075.02839193
233	92	217075.02839193
233	93	217076.26242093
233	93	217076.26242093
233	94	217078.16141253
233	94	217078.16141253
233	95	217081.40447993
234	88	218017.60962314002
234	89	218014.80952314002
234	90	218010.22015914
234	91	218009.94707114002
234	92	218007.75004314003
234	92	218007.75004314003
234	92	218007.75004314003
234	92	218007.75004314003
234	93	218009.56000914003
234	94	218009.94829514003
234	94	218009.94829514003
234	95	218014.12153114003
234	95	218014.12153114003
235	90	218945.35588435002
235	91	218943.42763435
235	92	218942.01760435
235	92	218942.01760435
235	92	218942.01760435
235	92	218942.01760435
235	93	218942.14130635
235	93	218942.14130635
235	94	218943.30912435
235	94	218943.30912435
235	95	218945.84359035
235	96	218949.15360835
236	90	219879.30424556
236	91	219877.93826556
236	92	219875.03826556
236	92	219875.03826556
236	92	219875.03826556
236	93	219875.97829606
236	93	219875.97829606
236	93	219875.97829606
236	94	219875.49167356
236	94	219875.49167356
236	95	219878.77154556
236	95	219878.77154556
236	96	219880.48164656
236	96	219880.48164656
237	91	220811.72771677002
237	92	220809.47772677
237	93	220808.95922677
237	93	220808.95922677
237	94	220809.17953077002
237	94	220809.17953077002
237	95	220810.90969477
237	95	220810.90969477
237	96	220813.36271277
237	97	220817.30580277002
238	91	221746.35112798002
238	91	221746.35112798002
238	92	221742.89108798
238	92	221742.89108798
238	92	221742.89108798
238	93	221743.03648798002
238	94	221741.74528798
238	94	221741.74528798
238	95	221744.00281868
238	95	221744.00281868
238	96	221744.97090468
238	96	221744.97090468
238	97	221749.92285698
238	97	221749.92285698
239	92	222677.65024919002
239	93	222676.38505119
239	94	222675.66324919002
239	94	222675.66324919002
239	95	222676.46615719004
239	95	222676.46615719004
239	96	222678.16672919
239	96	222678.16672919
239	97	222681.44491619003
239	98	222685.36486019002
239	98	222685.36486019002
240	92	223611.2831424
240	92	223611.2831424
240	93	223610.89480560002
240	93	223610.89480560002
240	93	223610.89480560002
240	94	223608.6952104
240	94	223608.6952104
240	95	223610.0741043
240	95	223610.0741043
240	96	223610.2900184
240	96	223610.2900184
240	96	223610.2900184
240	97	223614.22984040002
240	97	223614.22984040002
240	98	223616.6018914
241	93	224544.32402231
241	94	224543.01897161
241	94	224543.01897161
241	94	224543.01897161
241	95	224542.99817161
241	95	224542.99817161
241	96	224543.76567461
241	96	224543.76567461
241	97	224546.16595161
241	98	224549.42300661
241	98	224549.42300661
241	99	224553.97108461
242	92	225480.39281282
242	93	225478.97493282
242	93	225478.97493282
242	94	225476.27493282003
242	94	225476.27493282003
242	94	225476.27493282003
242	94	225476.27493282003
242	95	225477.02593282002
242	95	225477.02593282002
242	96	225476.36113282002
242	96	225476.36113282002
242	96	225476.36113282002
242	97	225479.36101282
242	97	225479.36101282
242	97	225479.36101282
242	98	225480.88834972001
242	99	225486.50613982
242	99	225486.50613982
242	100	225489.91591282003
243	93	226412.97558523001
243	94	226410.80580703
243	95	226410.22429603
243	95	226410.22429603
243	96	226410.23319603002
243	96	226410.23319603002
243	96	226410.23319603002
243	97	226411.74162403
243	97	226411.74162403
243	98	226413.95799703
243	98	226413.95799703
243	99	226417.91816203
243	99	226417.91816203
243	100	226422.45511103
243	100	226422.45511103
244	93	227348.00043523998
244	94	227344.34978624
244	94	227344.34978624
244	94	227344.34978624
244	95	227344.42595724
244	95	227344.42595724
244	95	227344.42595724
244	96	227342.99813524
244	96	227342.99813524
244	96	227342.99813524
244	97	227345.25358714
244	97	227345.25358714
244	97	227345.25358714
244	98	227346.02026924
244	99	227350.57811624
244	99	227350.57811624
244	100	227353.60321924
245	94	228279.14221085003
245	95	228277.93752945002
245	96	228277.04362345
245	96	228277.04362345
245	97	228277.85382145
245	97	228277.85382145
245	98	228279.42242745002
245	98	228279.42242745002
245	99	228282.47619645
245	99	228282.47619645
245	100	228286.25927145002
245	100	228286.25927145002
246	94	229212.92757296
246	95	229212.52707586
246	95	229212.52707586
246	95	229212.52707586
246	96	229210.15087966
246	96	229210.15087966
246	97	229211.50091766
246	97	229211.50091766
246	98	229211.62387966
246	98	229211.62387966
246	98	229211.62387966
246	99	229215.50428166002
246	99	229215.50428166002
246	100	229217.66339726
246	100	229217.66339726
246	100	229217.66339726
247	94	230148.43801887002
247	95	230146.26021887
247	96	230144.55986287002
247	97	230144.51497387
247	98	230145.16100087002
247	98	230145.16100087002
247	99	230147.63641887
247	99	230147.63641887
247	100	230150.55025087003
247	100	230150.55025087003
247	100	230150.55025087003
247	101	230155.13646987002
248	95	231081.01238008
248	96	231077.91273108002
248	96	231077.91273108002
248	97	231078.62980078
248	97	231078.62980078
248	97	231078.62980078
248	97	231078.62980078
248	98	231077.75983508
248	98	231077.75983508
248	99	231080.82043578
248	99	231080.82043578
248	100	231082.42369188002
248	100	231082.42369188002
248	100	231082.42369188002
248	101	231087.67641708002
248	101	231087.67641708002
248	101	231087.67641708002
249	96	232012.76459229
249	97	232011.86467229
249	97	232011.86467229
249	97	232011.86467229
249	98	232011.73976929
249	98	232011.73976929
249	99	232013.19424129
249	99	232013.19424129
249	100	232015.63134229
249	100	232015.63134229
249	101	232019.33652429
249	101	232019.33652429
250	96	232946.49761370002
250	96	232946.49761370002
250	96	232946.49761370002
250	97	232946.4601435
250	98	232944.68042450002
250	98	232944.68042450002
250	99	232946.7804025
250	99	232946.7804025
250	99	232946.7804025
250	99	232946.7804025
250	100	232947.58201450002
250	100	232947.58201450002
250	100	232947.58201450002
250	101	232952.2146035
250	101	232952.2146035
251	96	233881.64978651
251	97	233880.22977471
251	97	233880.22977471
251	98	233879.13680971
251	99	233879.51302471
251	99	233879.51302471
251	100	233880.98724771
251	100	233880.98724771
251	101	233884.06056671002
251	101	233884.06056671002
251	102	233887.83650571
251	102	233887.83650571
251	102	233887.83650571
252	97	234815.03062492
252	98	234812.53067592
252	98	234812.53067592
252	99	234813.79067522
252	99	234813.79067522
252	99	234813.79067522
252	100	234813.31368292
252	100	234813.31368292
252	101	234817.19862091998
252	102	234819.37433792
252	102	234819.37433792
253	97	235748.79579313
253	98	235747.29015813002
253	98	235747.29015813002
253	99	235747.00501713002
253	99	235747.00501713002
253	100	235747.33783613003
253	100	235747.33783613003
253	101	235749.29869113
253	102	235752.47571113
253	102	235752.47571113
253	103	235756.72977413
253	103	235756.72977413
253	103	235756.72977413
254	98	236680.82515964
254	98	236680.82515964
254	99	236681.47929434
254	99	236681.47929434
254	99	236681.47929434
254	99	236681.47929434
254	100	236680.38877734
254	100	236680.38877734
254	101	236683.07168834002
254	101	236683.07168834002
254	102	236684.20896504002
254	102	236684.20896504002
254	102	236684.20896504002
254	103	236689.36188334
254	103	236689.36188334
254	103	236689.36188334
255	98	237615.76680855002
255	99	237615.06651965002
255	99	237615.06651965002
255	99	237615.06651965002
255	100	237614.77855655
255	100	237614.77855655
255	101	237615.82107955002
255	101	237615.82107955002
255	101	237615.82107955002
255	102	237617.83292095002
255	102	237617.83292095002
255	103	237621.07583555003
255	103	237621.07583555003
255	104	237625.53578255003
255	104	237625.53578255003
256	99	238549.62876976002
256	99	238549.62876976002
256	100	238547.95884176
256	100	238547.95884176
256	101	238550.08842256002
256	101	238550.08842256002
256	101	238550.08842256002
256	102	238550.29624976002
256	102	238550.29624976002
256	103	238554.48488976
256	103	238554.48488976
256	103	238554.48488976
256	104	238556.72749646002
256	104	238556.72749646002
257	99	239483.36923397
257	100	239482.55520397
257	100	239482.55520397
257	101	239482.96376397
257	101	239482.96376397
257	101	239482.96376397
257	102	239484.19066187
257	103	239486.70594197
257	103	239486.70594197
257	104	239490.12643097
257	104	239490.12643097
257	104	239490.12643097
257	105	239494.43602797
257	105	239494.43602797
257	105	239494.43602797
258	100	240415.92699218003
258	101	240417.15164218002
258	101	240417.15164218002
258	101	240417.15164218002
258	102	240416.98999218002
258	102	240416.98999218002
258	103	240420.37293518003
258	103	240420.37293518003
258	103	240420.37293518003
258	104	240421.85994318002
258	104	240421.85994318002
258	105	240427.30813618
258	105	240427.30813618
258	105	240427.30813618
258	105	240427.30813618
259	100	241350.66125439
259	101	241350.57825339
259	101	241350.57825339
259	102	241351.08495439
259	102	241351.08495439
259	102	241351.08495439
259	103	241352.89656339
259	103	241352.89656339
259	103	241352.89656339
259	104	241355.34257339
259	104	241355.34257339
259	104	241355.34257339
259	105	241359.16615139
259	106	241363.80805639
259	106	241363.80805639
260	101	242285.0525106
260	101	242285.0525106
260	101	242285.0525106
260	101	242285.0525106
260	102	242284.06011460003
260	103	242286.79502960003
260	103	242286.79502960003
260	103	242286.79502960003
260	104	242287.6971146
260	104	242287.6971146
260	105	242292.25714560002
260	105	242292.25714560002
260	105	242292.25714560002
260	106	242295.0515551
260	106	242295.0515551
261	101	243218.35367481
261	102	243218.44657181003
261	103	243219.56537581002
261	104	243221.40108281
261	104	243221.40108281
261	104	243221.40108281
261	105	243224.37623581002
261	105	243224.37623581002
261	106	243228.33425681002
261	106	243228.33425681002
261	107	243233.39927781
261	107	243233.39927781
262	102	244151.64573602
262	103	244153.74163302
262	103	244153.74163302
262	104	244153.99228902
262	105	244157.97928302002
262	105	244157.97928302002
262	105	244157.97928302002
262	106	244160.04728902
262	107	244166.12541302
262	107	244166.12541302
263	102	245086.13849923003
263	103	245086.70669423003
263	104	245087.93660123003
263	105	245090.33126623003
263	105	245090.33126623003
263	106	245093.43623123
263	106	245093.43623123
263	107	245097.80160123002
264	103	246020.93085844
264	104	246020.73475544
264	105	246024.06066244002
264	106	246025.53151344002
264	107	246030.78566244
264	108	246034.25268964
264	108	246034.25268964
265	103	246954.12912465
265	104	246954.72502165
265	105	246956.62591965
265	106	246959.03781665
265	106	246959.03781665
265	107	246962.74572365
265	108	246967.55951965
265	108	246967.55951965
266	104	247887.82218586002
266	105	247890.41108286002
266	106	247891.45398086
266	106	247891.45398086
266	107	247896.13987786003
266	108	247899.12078486002
266	109	247905.80963086002
266	109	247905.80963086002
0 0 0

